54101.0 54104.0 -0.0009933714338467988 0.000491749600087
54104.0 54107.0 0.0010283528826458292 0.000664183050805
54107.0 54110.0 0.0009750150920771297 0.0010064683991
54110.0 54113.0 -0.0015990799075083755 0.00120705141149
54113.0 54116.0 0.0003161437943112739 0.000709471213197
54116.0 54119.0 0.0008306511828838123 0.000874615860518
54119.0 54122.0 0.0003743884188421329 0.00051581265946
54122.0 54125.0 0.0005563396482831686 0.00146197052395
54125.0 54128.0 0.000811355070623686 0.000446312643364
54128.0 54131.0 -0.0005480120239234719 0.000451295470612
54131.0 54134.0 -0.0007374891861960068 0.00059212562455
54134.0 54137.0 -0.0013475011780698792 0.000621248505553
54137.0 54140.0 0.00019735237804263689 0.000531557852152
54140.0 54143.0 -0.0007027138720271884 0.000471445027445
54143.0 54146.0 1.104420079915337e-05 0.000464153466824
54146.0 54149.0 6.553646873087383e-05 0.000455704796156
54149.0 54152.0 0.0006788663323253156 0.00059201063798
54152.0 54155.0 0.0017686434792500499 0.000392235716411
54155.0 54158.0 0.000762247764996409 0.000374612594417
54158.0 54161.0 3.759445355356449e-05 0.000384837870403
54161.0 54164.0 0.00011980282235597164 0.000359524581119
54164.0 54167.0 0.00036988218462140517 0.000317872094446
54167.0 54170.0 0.0001844189336876193 0.000440108464709
54170.0 54173.0 0.0013091582663462946 0.000560528828644
54173.0 54176.0 0.001032639775777833 0.000393045566889
54176.0 54179.0 0.000977483552669972 0.000463305687579
54179.0 54182.0 -8.803198566861354e-05 0.000344999055144
54182.0 54185.0 0.0002027658631619688 0.000474993379196
54185.0 54188.0 0.0003441113364310151 0.000288338642907
54188.0 54191.0 0.0006344194695602076 0.000351358417244
54191.0 54194.0 0.00019195010489943495 0.000445352521787
54194.0 54197.0 5.070243266778449e-05 0.000328951368794
54197.0 54200.0 0.0005213473631042571 0.000410939060386
54200.0 54203.0 0.0006960566880918851 0.000352835096869
54203.0 54206.0 0.0006748939684004126 0.000288548955155
54206.0 54209.0 0.001174902548588603 0.000315577684985
54209.0 54212.0 0.00017599563459232918 0.000278956161173
54212.0 54215.0 0.0005718526711062723 0.000416218350201
54215.0 54218.0 0.0004900934201692404 0.000273084894475
54218.0 54221.0 0.0007903232190030646 0.000313738320983
54221.0 54224.0 0.00010799666987024207 0.00042269184317
54224.0 54227.0 -0.00033056084114788825 0.000452882392221
54227.0 54230.0 -0.0006104622430603452 0.000545948038937
54230.0 54233.0 0.0007349951863096373 0.000463432112834
54233.0 54236.0 -0.0003714241481270465 0.000399582396108
54236.0 54239.0 -0.0007534422589540793 0.000496609682573
54239.0 54242.0 -0.0006273086129702921 0.000442047630422
54242.0 54245.0 0.0009340258419962264 0.000456435974069
54245.0 54248.0 0.0004941084617859831 0.000388318703985
54248.0 54251.0 0.00026932992441584466 0.000392578040142
54251.0 54254.0 -0.0004570828134708683 0.000344129253397
54254.0 54257.0 -0.00027275873540179714 0.000470198401922
54257.0 54260.0 -0.0009463787002993874 0.000480101424531
54260.0 54263.0 -0.00021645604915698422 0.000506959267809
54263.0 54266.0 0.0006927683924510357 0.000444839681562
54266.0 54269.0 7.088850604054059e-06 0.000477671029976
54269.0 54272.0 0.00046100455183516875 0.000787716110843
54272.0 54275.0 -0.00011331006117194472 0.000655340352148
54275.0 54278.0 0.0002608078301126554 0.000610722675385
54278.0 54281.0 0.000531378586620348 0.00051461574156
54281.0 54284.0 0.0003647384976052341 0.000492516800974
54284.0 54287.0 -4.810317790297018e-05 0.000382874219053
54287.0 54290.0 -0.0009319477850731657 0.000496974934654
54290.0 54293.0 -0.0005562678814186083 0.00062171062333
54293.0 54296.0 0.0010841507090242715 0.000511426787291
54296.0 54299.0 0.0015882402829560803 0.000687446198383
54299.0 54302.0 0.00018471700367262274 0.000698847274049
54302.0 54305.0 0.0001316429928751305 0.000660976229106
54305.0 54308.0 0.0005532492886137217 0.000767576805101
54308.0 54311.0 -0.0016115801146664947 0.00249973770311
54311.0 54314.0 0.0025559847158113866 0.00119196121379
54314.0 54317.0 0.0011612820179332866 0.00120659286136
54317.0 54320.0 0.00024128814312247317 0.000710538167189
54320.0 54323.0 0.001320373296909761 0.000653952713321
54353.0 54356.0 -0.0008655885101712407 0.00164606739453
54356.0 54359.0 -0.0001591461073046454 0.00119229994622
54359.0 54362.0 -0.00039896330006493694 0.00119402156603
54362.0 54365.0 -0.00015080565837102608 0.000729565482708
54365.0 54368.0 0.00097932 0.00082396
54368.0 54371.0 0.0016448364852580547 0.000760353696118
54371.0 54374.0 0.0017996699999999997 0.00237006
54374.0 54377.0 -0.00044682782655819294 0.000790963868542
54377.0 54380.0 -0.000623317026465438 0.000412785660264
54380.0 54383.0 0.000581834694189458 0.000448662467798
54383.0 54386.0 0.0006157766502501365 0.000504277675084
54386.0 54389.0 0.0018907720883586435 0.000414152741489
54389.0 54392.0 0.0004961885122397696 0.000362536060327
54392.0 54395.0 0.0009364547648280982 0.000402235576164
54395.0 54398.0 0.0009299574475996074 0.000332075091744
54398.0 54401.0 0.0014049455864324424 0.000369446373585
54401.0 54404.0 0.00178876839631113 0.000592307706689
54404.0 54407.0 0.0013787871128873022 0.000552633745793
54407.0 54410.0 0.0009337780194981684 0.000771413278101
54410.0 54413.0 0.0018219508012075173 0.00060637419048
54413.0 54416.0 0.0019235411360877914 0.000851102587675
54416.0 54419.0 0.002068928859232046 0.00067086133504
54419.0 54422.0 0.00037132689703901414 0.000599820538742
54422.0 54425.0 0.0007230830256318594 0.000498230871333
54425.0 54428.0 0.0003939233316535865 0.000625428887582
54428.0 54431.0 0.0012118081697003636 0.000398688485814
54431.0 54434.0 0.00358933 0.00350526
54434.0 54437.0 0.0012942184497501787 0.000638500687501
54437.0 54440.0 0.0016729391363740972 0.000592068102983
54440.0 54443.0 0.0007201223572540828 0.000744067075099
54443.0 54446.0 0.0018865572391840266 0.000825177169885
54446.0 54449.0 0.0011830171096922234 0.00115536332132
54449.0 54452.0 0.0003455966031823288 0.000998667702645
54452.0 54455.0 0.0003241850730846926 0.00188361098478
54455.0 54458.0 0.00166875 0.0015664
54458.0 54461.0 0.005219380457950983 0.00298766293386
54461.0 54464.0 -6.70827555683505e-05 0.000919269632403
54464.0 54467.0 0.004775522856054633 0.00281047293749
54467.0 54470.0 -0.0020282590560139497 0.00111000516126
54470.0 54473.0 0.0005440187181732138 0.00048453980556
54473.0 54476.0 0.0006234575715272323 0.000389596737875
54476.0 54479.0 -0.00016462143897630254 0.000333032688742
54479.0 54482.0 0.0010190114951302016 0.000375691580758
54482.0 54485.0 0.0009068889550538732 0.000371077807351
54485.0 54488.0 0.0013256271619182774 0.000411893027684
54488.0 54491.0 0.0005658485081113371 0.000373401140704
54491.0 54494.0 0.00013072981774481704 0.000391635939525
54494.0 54497.0 0.0011198379350886285 0.000797073484618
54497.0 54500.0 0.0005326916730825612 0.000578601817598
54500.0 54503.0 0.0023607309092845597 0.000740544060456
54503.0 54506.0 0.0029093534063046075 0.000864566335883
54506.0 54509.0 0.0023305414247629837 0.000612380026497
54509.0 54512.0 0.0012252527192782006 0.000558684508839
54512.0 54515.0 0.0010766440620075175 0.000485284918861
54515.0 54518.0 0.00046727016833044284 0.000905493960144
54518.0 54521.0 0.00101700531086829 0.000823815135466
54521.0 54524.0 0.00161473821623743 0.000447471257133
54524.0 54527.0 0.0013402928522508765 0.000365128635827
54527.0 54530.0 0.0010671691670284783 0.000777259109649
54530.0 54533.0 0.0039524651248749 0.000588612067817
54533.0 54536.0 0.0007687272506261834 0.000768932970188
54536.0 54539.0 0.0008468043615596639 0.000513096373488
54539.0 54542.0 0.001730452315603703 0.00029725559921
54542.0 54545.0 0.005788875082070777 0.000430102378339
54545.0 54548.0 0.005529179052600492 0.000329971227589
54548.0 54551.0 0.004699224494384589 0.000530673563176
54551.0 54554.0 0.005104703621171408 0.000377638793975
54554.0 54557.0 0.007580581963339169 0.000304763067902
54557.0 54560.0 0.007132704991106692 0.000281995053013
54560.0 54563.0 0.006957455918574094 0.000313076046346
54563.0 54566.0 0.004189530335854245 0.000333112298208
54566.0 54569.0 0.0028196886130396376 0.000306304599892
54569.0 54572.0 0.001739970037133855 0.000315083433955
54572.0 54575.0 0.0016034088744984766 0.00026623855316
54575.0 54578.0 0.0020266454118943017 0.0003499553627
54578.0 54581.0 0.003672843324796341 0.00038589923056
54581.0 54584.0 0.003093808220526906 0.00038583290204
54584.0 54587.0 0.0019092905091833247 0.000438950524985
54587.0 54590.0 0.0015139604667832058 0.000295526523728
54590.0 54593.0 0.0014299669641388915 0.000304230850213
54593.0 54596.0 -0.00012285506731159475 0.000308171056331
54596.0 54599.0 0.0006622421175796719 0.000316695687899
54599.0 54602.0 0.0013986598957221221 0.000283448336713
54602.0 54605.0 0.0017631834130527083 0.000364565444878
54605.0 54608.0 0.002784855366310335 0.000301751427337
54608.0 54611.0 0.00395197227574217 0.00030550542891
54611.0 54614.0 0.0030074097547832753 0.000330198491401
54614.0 54617.0 0.0020536828865901735 0.000288590949227
54617.0 54620.0 0.0011021444810295719 0.00031667801724
54620.0 54623.0 0.0038602112111535314 0.000475712627121
54623.0 54626.0 0.002990648271711856 0.000423666079079
54626.0 54629.0 0.005224353642010202 0.000612525110464
54629.0 54632.0 0.010836603829890046 0.000725616981661
54632.0 54635.0 0.000989735499918584 0.000702546964057
54635.0 54638.0 0.000558247851892281 0.000513860548833
54638.0 54641.0 -0.00018842091659345108 0.00077687375398
54641.0 54644.0 0.0019607014287472526 0.000818684880435
54644.0 54647.0 0.003314156998084389 0.000672976261099
54647.0 54650.0 0.0034980143864376074 0.000504888965802
54650.0 54653.0 0.003966574902735033 0.000544577193395
54653.0 54656.0 0.002090128705247219 0.000735454693949
54656.0 54659.0 0.0010676922001439527 0.000543735435499
54659.0 54662.0 0.0009896185569670582 0.000409140864355
54662.0 54665.0 0.0010087858300674988 0.000783399631724
54665.0 54668.0 0.0014519925316925613 0.00063709356907
54668.0 54671.0 0.0022426869710074596 0.000882722953661
54671.0 54674.0 0.0030045642802341015 0.00198300336081
54674.0 54677.0 -0.0008803799346691235 0.00136800822025
54677.0 54680.0 -0.0011171990193325348 0.00153558229437
54680.0 54683.0 1.1318105409630068e-05 0.00125783174484
54683.0 54686.0 0.00062163 0.00236347
54686.0 54689.0 -0.00128165 0.00118448
54689.0 54692.0 0.0014081756085398249 0.000644125566732
54692.0 54695.0 0.0005757842337086038 0.000936215257159
54695.0 54698.0 0.0016553597987314717 0.000847173838122
54698.0 54701.0 0.00017053787413525993 0.000858325483037
54701.0 54704.0 -4.437796120456866e-05 0.00104562215032
54707.0 54710.0 0.00108082 0.00071423
54710.0 54713.0 -0.0005124118732203282 0.00065517277478
54713.0 54716.0 0.00027811207048581045 0.00116348460998
54719.0 54722.0 0.00517855 0.00798144
54725.0 54728.0 0.0012592337792572635 0.00150984771736
54731.0 54734.0 -0.00222095 0.01540284
54734.0 54737.0 2.4115844582468553e-05 0.00353930675715
54737.0 54740.0 0.0017885950061250647 0.00054829827803
54740.0 54743.0 0.0015721162981255817 0.000667756553324
54743.0 54746.0 0.0016423762063622319 0.000459655091287
54746.0 54749.0 0.00076422 0.00083613
54749.0 54752.0 0.00016665075819327911 0.00042663207909
54752.0 54755.0 0.0004225516130149869 0.000355399646822
54755.0 54758.0 -0.0004715875979698576 0.000959854016695
54758.0 54761.0 0.0007443678427492069 0.00033186010217
54761.0 54764.0 -0.0001264439539706523 0.000450114670193
54764.0 54767.0 0.001310687263102721 0.000563562374312
54767.0 54770.0 0.0017162712136999487 0.000719372697596
54770.0 54773.0 0.0004048599719033357 0.000533229787629
54773.0 54776.0 -8.8923303949692e-05 0.000814106872784
54776.0 54779.0 0.001944738704468643 0.000669556935515
54779.0 54782.0 0.0010850309722581193 0.000884563288959
54782.0 54785.0 7.379333535746919e-05 0.00050184169917
54785.0 54788.0 0.0010423024045305065 0.000792221017168
54788.0 54791.0 0.0017575439252589167 0.0010360681693
54791.0 54794.0 0.00020376097769282786 0.000332910297651
54794.0 54797.0 0.0008673734613872517 0.000620307510409
54797.0 54800.0 0.0010649277587278432 0.00099170238098
54800.0 54803.0 0.001529528399009197 0.000665941289449
54803.0 54806.0 0.0016408992552642166 0.000463256657228
54806.0 54809.0 0.0008890351333333685 0.000647568447493
54809.0 54812.0 0.0006272414410204249 0.000743472039639
54812.0 54815.0 0.0008991971752712435 0.000666603212959
54815.0 54818.0 0.0004472515379216661 0.000757578313128
54818.0 54821.0 0.001147119405468684 0.000670982006645
54821.0 54824.0 0.0020618520974180995 0.000905029263383
54824.0 54827.0 0.0008954316905034203 0.00142427925744
54827.0 54830.0 0.0014500747371520351 0.00118559707163
54830.0 54833.0 0.0038290378469377703 0.00265249072861
54833.0 54836.0 0.0007947933225719164 0.000440362944659
54836.0 54839.0 0.001286783848263003 0.000496868738308
54839.0 54842.0 0.0010873219330922409 0.000405197774568
54842.0 54845.0 0.001461866485286414 0.000433109970707
54845.0 54848.0 0.0021860853312338233 0.000827186691126
54848.0 54851.0 0.002210110589159767 0.000568020754788
54851.0 54854.0 7.448809598993357e-05 0.0006357270005
54854.0 54857.0 0.0007181346019570936 0.000807030797517
54857.0 54860.0 0.0018602982215087432 0.000746730635002
54860.0 54863.0 0.003684958089122839 0.00105691671496
54863.0 54866.0 0.0019266752305825033 0.000663151746729
54866.0 54869.0 0.0009873560052268136 0.00125464171343
54869.0 54872.0 0.0009932153412301984 0.00104659660651
54872.0 54875.0 0.0004246213810263857 0.00110311083667
54875.0 54878.0 0.000892076555082583 0.00041176486382
54878.0 54881.0 0.0017302988776236844 0.000437965156649
54881.0 54884.0 0.0020713553732624734 0.000534365135961
54884.0 54887.0 0.001471353823280953 0.000439052676545
54887.0 54890.0 0.0018810504898113239 0.000401265572768
54890.0 54893.0 0.0007015893186988019 0.000421918093715
54893.0 54896.0 0.0009692089478937175 0.000470878773426
54896.0 54899.0 0.0007035700101678646 0.000421042110818
54899.0 54902.0 0.0015120002202510027 0.000557207010714
54902.0 54905.0 0.0015211689742226735 0.000424229110378
54905.0 54908.0 0.0007662507357815879 0.000484418251748
54908.0 54911.0 0.0008929429441751515 0.000617892638057
54911.0 54914.0 -0.0005125577392129792 0.000402597756677
54914.0 54917.0 -4.351383668934683e-05 0.00038020158864
54917.0 54920.0 0.0004545083727009511 0.000316537827263
54920.0 54923.0 0.00029772615388844664 0.000401026888026
54923.0 54926.0 0.00048803383323000216 0.00044492085621
54926.0 54929.0 0.0009752297870810253 0.000637685287076
54929.0 54932.0 -0.0001026144462809046 0.000704353961443
54932.0 54935.0 0.0003466760824196494 0.000455733861404
54935.0 54938.0 0.0011796352555633852 0.000442264148368
54938.0 54941.0 0.000936658851636752 0.000319855598274
54941.0 54944.0 0.0006753667087760054 0.00048254031591
54944.0 54947.0 0.0009062891543722447 0.000349584532362
54947.0 54950.0 0.0004863701806753463 0.000281604090699
54950.0 54953.0 0.0005931187201254026 0.000291066141527
54953.0 54956.0 0.000582965603750312 0.000348696866819
54956.0 54959.0 0.002220336492398975 0.000356345539834
54959.0 54962.0 0.0003611833599239522 0.000378600365028
54962.0 54965.0 -1.7221415097279246e-05 0.000434418109813
54965.0 54968.0 0.0014348095486117936 0.000476966149656
54968.0 54971.0 -0.0009136336636217566 0.000850316482619
54971.0 54974.0 -0.0006695472881992329 0.000450168479689
54974.0 54977.0 9.991751545198104e-05 0.000342060208918
54977.0 54980.0 0.0007528009119528515 0.000446904783143
54980.0 54983.0 -0.001090324364962321 0.000466924302202
54983.0 54986.0 -0.00040409486956913406 0.000380678335856
54986.0 54989.0 0.00038770095992530373 0.000411718183963
54989.0 54992.0 0.0008917733624037462 0.000393958969559
54992.0 54995.0 0.001932233802341649 0.0004749092894
54995.0 54998.0 0.0017084896588093058 0.000613498873982
54998.0 55001.0 0.0019533532123374997 0.000472645904991
55001.0 55004.0 0.0013002585472803648 0.00061545426704
55004.0 55007.0 0.0005219349124587203 0.000542052457672
55007.0 55010.0 0.0020335833895692742 0.000711943439495
55010.0 55013.0 -0.0008938195371785541 0.000840396966719
55013.0 55016.0 0.002310296413476823 0.000454287791594
55016.0 55019.0 0.00213146207051749 0.000549380316115
55019.0 55022.0 0.0011116665621387183 0.000882461149655
55022.0 55025.0 0.00297628158796954 0.000596511132142
55025.0 55028.0 0.00053569 0.0010969
55028.0 55031.0 0.0005610228759441315 0.000530223678622
55031.0 55034.0 0.003391146610453153 0.000543915706013
55034.0 55037.0 0.004886457104155039 0.0012073273807
55037.0 55040.0 0.0026228045151807894 0.00053234969001
55040.0 55043.0 0.001858313226402805 0.00398310724089
55043.0 55046.0 0.0019433205344075023 0.0010633998277
55046.0 55049.0 6.659740452844867e-06 0.00105671541738
55049.0 55052.0 0.01395928 0.00489194
55052.0 55055.0 0.0019540677962248936 0.000832835191479
55055.0 55058.0 0.00663797 0.00213388
55058.0 55061.0 0.006579837436902249 0.00410515030628
55061.0 55064.0 -0.00201182 0.00396499
55064.0 55067.0 0.00333302 0.00149623
55067.0 55070.0 0.0031491993257607605 0.000614611033634
55070.0 55073.0 0.0017204456284010408 0.000942167875342
55073.0 55076.0 0.00201089 0.00139498
55076.0 55079.0 0.00146267959996871 0.000857321677087
55079.0 55082.0 0.0021167056136570522 0.000648126983006
55082.0 55085.0 0.0009664594556982901 0.00087129028997
55085.0 55088.0 0.001554516198533105 0.000553185817077
55088.0 55091.0 0.00035390485485880505 0.000521405726845
55091.0 55094.0 0.00347347 0.00190532
55094.0 55097.0 0.0011865217313155574 0.00147332042431
55097.0 55100.0 0.0095648 0.00435541
55100.0 55103.0 0.00377568 0.00283834
55103.0 55106.0 0.00264126 0.00264768
55106.0 55109.0 0.0023652561349785093 0.0010559741357
55109.0 55112.0 0.0004619131047871581 0.00132558955353
55112.0 55115.0 0.00042218094900581965 0.000507114074077
55115.0 55118.0 0.0030347131530295613 0.000572470423053
55118.0 55121.0 0.0023037025753007354 0.000497405364469
55121.0 55124.0 0.002431200614438692 0.00072411631561
55124.0 55127.0 0.004584321675777902 0.000358837934024
55127.0 55130.0 0.004540412590968736 0.000379589652365
55130.0 55133.0 0.003067015693581042 0.00034876066267
55133.0 55136.0 0.004054305132383994 0.000331530293522
55136.0 55139.0 0.005101257994577206 0.000395641500221
55139.0 55142.0 0.004792476912801696 0.000562457810063
55142.0 55145.0 0.004835813325951979 0.00161185047482
55145.0 55148.0 0.014143872892744363 0.000989141921989
55148.0 55151.0 0.005579302451323903 0.000582308501309
55151.0 55154.0 0.0029692241867721346 0.000474708623839
55154.0 55157.0 0.0030221549694718413 0.00048221087545
55157.0 55160.0 0.0006468353172462618 0.00127617927962
55160.0 55163.0 0.00448249446958204 0.000464833241142
55163.0 55166.0 0.0035433144103330537 0.00046342687523
55166.0 55169.0 0.0035330168507504817 0.000470413908428
55169.0 55172.0 0.0023231465106412076 0.00061108918663
55172.0 55175.0 0.0016844750990929757 0.00054642384541
55175.0 55178.0 0.00010461330894629205 0.000502088746715
55178.0 55181.0 0.001910674906989759 0.00056847425766
55181.0 55184.0 0.001829623360562786 0.000732177778612
55184.0 55187.0 0.002400725639229755 0.000650514649867
55187.0 55190.0 0.001862810866935445 0.000920071966733
55190.0 55193.0 0.0037171030786498156 0.000975051924269
55193.0 55196.0 0.0030129519214172583 0.000668201636587
55196.0 55199.0 0.0048996240765056594 0.000643178724039
55199.0 55202.0 0.0015103566180290483 0.000940854347477
55202.0 55205.0 0.003576022971074753 0.000777852628161
55205.0 55208.0 0.0012566175317070686 0.000681532294513
55208.0 55211.0 0.0017639662012166213 0.00052735480603
55211.0 55214.0 0.002778024090225655 0.000742444119869
55214.0 55217.0 0.00425097949990574 0.000739006790647
55217.0 55220.0 0.00540104 0.00135818
55220.0 55223.0 -0.00134048 0.00288767
55223.0 55226.0 0.00115564 0.00062191
55226.0 55229.0 0.0008531430518793213 0.000617553033793
55229.0 55232.0 0.0006685656336934632 0.000767832912358
55232.0 55235.0 0.0018005769909765525 0.0004198214053
55235.0 55238.0 0.0013328129609662125 0.000333327088693
55238.0 55241.0 0.0028835925759629066 0.000450606419533
55241.0 55244.0 0.007957114514332337 0.000469058406014
55244.0 55247.0 0.007237309366779906 0.000353559451179
55247.0 55250.0 0.009282486376846987 0.000532882724557
55250.0 55253.0 0.007865166971796617 0.000463659148737
55253.0 55256.0 0.007848981588669467 0.000448207493965
55256.0 55259.0 0.007914805663232112 0.000448911339352
55259.0 55262.0 0.007751958863852244 0.000361552380385
55262.0 55265.0 0.006845889340142499 0.000357283255147
55265.0 55268.0 0.00570703351377642 0.000601500823525
55268.0 55271.0 0.003331077573777978 0.000491485559422
55271.0 55274.0 0.0010370862699177936 0.000641915564773
55274.0 55277.0 0.0020028648926266267 0.000533119859721
55277.0 55280.0 0.0020811259528406693 0.000845140651412
55280.0 55283.0 0.0035540072337622 0.000431784659595
55283.0 55286.0 0.0033091436861905727 0.000607059354744
55286.0 55289.0 0.0024581477924529426 0.000577414244557
55289.0 55292.0 0.0034288014986050626 0.000705769526421
55292.0 55295.0 0.0006637997446865325 0.000382626462283
55295.0 55298.0 0.0002859812761895257 0.000598594220323
55298.0 55301.0 0.0004029270088491148 0.000543073126645
55301.0 55304.0 -0.0004761696159114414 0.000721629672102
55304.0 55307.0 0.0004782477147004674 0.000651943995827
55307.0 55310.0 0.0005434785747451569 0.000595123869076
55310.0 55313.0 0.00349474613364076 0.00038627360318
55313.0 55316.0 0.0023636391648563905 0.000486129301503
55316.0 55319.0 0.0033085974106452512 0.000636967139132
55319.0 55322.0 0.0036430261708023048 0.000620455167537
55322.0 55325.0 0.0051262619135061015 0.000683408976612
55325.0 55328.0 0.0007228539461971967 0.000617509263925
55328.0 55331.0 -6.242733165993913e-06 0.000441540060349
55331.0 55334.0 0.002014492495260168 0.00047946291353
55334.0 55337.0 0.0009337873552001207 0.000466617227943
55337.0 55340.0 0.0029998586179500733 0.000548670502165
55340.0 55343.0 0.0020786706672471615 0.000598002000765
55343.0 55346.0 0.0029853861972295036 0.000582893932892
55346.0 55349.0 0.0006945970596894713 0.000756445272037
55349.0 55352.0 0.0009792767767690725 0.000551480138906
55352.0 55355.0 0.0009534343157269597 0.000505872145747
55355.0 55358.0 0.0006350065745647472 0.000723013544031
55358.0 55361.0 0.0003138417181146294 0.000533408567604
55361.0 55364.0 0.0004577062078452606 0.000654317195919
55364.0 55367.0 0.0005536578220737137 0.000723043801785
55367.0 55370.0 -0.0009936965649792629 0.00078266006249
55370.0 55373.0 0.0003170830155824247 0.000614457764037
55373.0 55376.0 7.156476266063909e-05 0.000736470983706
55376.0 55379.0 0.0008797216611783098 0.00050048218981
55379.0 55382.0 -6.579940823933905e-05 0.000642164698836
55382.0 55385.0 -0.001514864929573799 0.00116823394054
55385.0 55388.0 -8.319360806456997e-05 0.000474829963265
55388.0 55391.0 0.00047868748710878787 0.000999310299096
55391.0 55394.0 -0.0001986289517799934 0.000548275120554
55394.0 55397.0 0.001322140316617994 0.00101837230463
55397.0 55400.0 9.73825964901586e-05 0.000531796351239
55400.0 55403.0 -0.00014097414968817465 0.000691693686324
55403.0 55406.0 -0.0011161872396818686 0.00225059358573
55406.0 55409.0 0.0013307547233617145 0.00213884369926
55409.0 55412.0 0.003653154402891579 0.00154929519889
55412.0 55415.0 -0.0008293477568085278 0.00118980597025
55415.0 55418.0 -7.814743281162886e-05 0.000767048090649
55418.0 55421.0 0.00143593 0.002745
55421.0 55424.0 0.0012443135131278444 0.000771761151327
55424.0 55427.0 0.0012818562636926457 0.00087090789189
55427.0 55430.0 -0.001467073577460719 0.00093283072568
55430.0 55433.0 0.0001248337608340425 0.0010304554502
55433.0 55436.0 -0.0016662989993609652 0.000592597462726
55436.0 55439.0 0.000510856663934226 0.000608999043887
55439.0 55442.0 -0.0003412119033067998 0.000772408547321
55442.0 55445.0 0.0008427300090513144 0.000613652697353
55445.0 55448.0 0.0003833 0.00122199
55448.0 55451.0 7.743e-05 0.00153745
55451.0 55454.0 0.0016702576466373648 0.00128921369338
55454.0 55457.0 0.005132907314112189 0.0031205919704
55457.0 55460.0 0.0006825041100756865 0.00268944580288
55460.0 55463.0 -0.0022326 0.0016791
55463.0 55466.0 0.001514647160328969 0.00111228655143
55466.0 55469.0 0.004082254507400206 0.00694582315407
55469.0 55472.0 0.0005408385207796032 0.000518794195228
55472.0 55475.0 0.0005555266451176059 0.000484959321032
55475.0 55478.0 0.001683376389580166 0.0005641690306
55478.0 55481.0 0.0027080541280933563 0.000557019929271
55481.0 55484.0 0.003916083962820106 0.000455836614072
55484.0 55487.0 0.0046836618023493905 0.000613056121063
55487.0 55490.0 0.0026909273670422808 0.000515287822114
55490.0 55493.0 0.004652091200308216 0.000571023543943
55493.0 55496.0 0.006188946202736558 0.000697980297578
55496.0 55499.0 0.000593704031895279 0.000613968365132
55499.0 55502.0 0.004502409289939308 0.000552391217473
55502.0 55505.0 0.0009051822490456818 0.000547010854391
55505.0 55508.0 -0.0009249028777570549 0.000554333619542
55508.0 55511.0 0.0010758832349490452 0.00106246028851
55511.0 55514.0 0.0006922698677863478 0.00062033873726
55514.0 55517.0 0.00042823906581014826 0.0006175781993
55517.0 55520.0 -0.0006910931234521878 0.00198744272466
55520.0 55523.0 -0.0003611901919811527 0.00144754476602
55523.0 55526.0 0.00031560411222611093 0.00089672687156
55526.0 55529.0 0.0003103505183208449 0.000869629385482
55529.0 55532.0 -0.0005296610728410736 0.000727596695216
55532.0 55535.0 0.0006955166039241182 0.000810392739159
55535.0 55538.0 0.0020477204539216254 0.000694997940105
55538.0 55541.0 -7.743041351142037e-05 0.00094877424081
55541.0 55544.0 2.5820951559371964e-05 0.00101632110649
55544.0 55547.0 -0.001096272399517723 0.000793133005979
55547.0 55550.0 -0.00035796016978612726 0.00055629585545
55550.0 55553.0 -0.0007573642656316662 0.000744735459314
55553.0 55556.0 0.000546011754332484 0.00067519282392
55556.0 55559.0 -0.0006011182584365018 0.000689791602447
55559.0 55562.0 0.00036884694802513776 0.000667568820967
55562.0 55565.0 0.000889003148410957 0.000856916396468
55565.0 55568.0 0.0002189684841447591 0.00065170174292
55568.0 55571.0 -0.0005898987800340604 0.000484623834108
55571.0 55574.0 -0.00024050438420338555 0.000422103956408
55574.0 55577.0 0.0005095941785861573 0.000571505708935
55577.0 55580.0 -0.0004273111102955515 0.000644083419585
55580.0 55583.0 0.001609210615933355 0.00117060997683
55583.0 55586.0 0.0005953785194302661 0.000521183999746
55586.0 55589.0 -0.0007881727692189243 0.000873354921835
55589.0 55592.0 0.0005724794623879297 0.000410221231441
55592.0 55595.0 0.0007021704822835371 0.000432626702194
55595.0 55598.0 0.000349044078120765 0.000407316936643
55598.0 55601.0 0.00030432674860106314 0.000385060128012
55601.0 55604.0 0.00033135122422527275 0.000535590216368
55604.0 55607.0 -0.00020120574178754866 0.000488147225341
55607.0 55610.0 0.0004193336871732417 0.000435609773697
55610.0 55613.0 0.00021667666891750278 0.000392389417744
55613.0 55616.0 -0.00038476738468485173 0.000509086786367
55616.0 55619.0 6.00416004693774e-05 0.000879267665322
55619.0 55622.0 0.0006760150653050546 0.000901445686187
55622.0 55625.0 0.0019625043255348585 0.000574914967331
55625.0 55628.0 0.0005675637472709332 0.000565595709011
55628.0 55631.0 8.17380813306526e-05 0.000423208969261
55631.0 55634.0 -5.609949474689926e-05 0.000573501721345
55634.0 55637.0 0.0007876024631263204 0.00060339757375
55637.0 55640.0 0.0003959032611665305 0.000533754638595
55640.0 55643.0 0.001011893971811249 0.000790123824443
55643.0 55646.0 0.0004347852238645001 0.000600959839737
55646.0 55649.0 0.0005920524034141127 0.000570671585759
55649.0 55652.0 0.00055113023486372 0.000590452953262
55652.0 55655.0 0.0003498370730352893 0.000575228555072
55655.0 55658.0 -0.00014986148185228317 0.000464912058683
55658.0 55661.0 -0.00018644465444177572 0.000391957804994
55661.0 55664.0 -7.452022399388117e-05 0.000449343746165
55664.0 55667.0 0.0005343578452681361 0.000552370537561
55667.0 55670.0 0.0006491129058438075 0.000491970933143
55670.0 55673.0 -4.8184190857828705e-05 0.000524811298854
55673.0 55676.0 -0.0002807063421396717 0.000451373718466
55676.0 55679.0 -0.0007260932884968551 0.000377385447318
55679.0 55682.0 0.00010977694718755831 0.000479985319971
55682.0 55685.0 -0.00028583404612277975 0.00052889805434
55685.0 55688.0 0.0006205477870735431 0.000429142522341
55688.0 55691.0 -0.0001466021045489118 0.00048961824761
55691.0 55694.0 -0.0009645003683831693 0.000459377260738
55694.0 55697.0 0.000444890827425963 0.000613885307838
55697.0 55700.0 -0.0003041543453504652 0.000611812112363
55700.0 55703.0 0.0008768343507654851 0.000553300325493
55703.0 55706.0 0.001847653446369593 0.000567026474807
55706.0 55709.0 0.00048811747995201296 0.000506216763703
55709.0 55712.0 -0.000282959176528775 0.000583501335125
55712.0 55715.0 0.0007247673789526632 0.000519357400214
55715.0 55718.0 0.0005923923340501434 0.00041294469485
55718.0 55721.0 0.00014668940865069288 0.000522836307795
55721.0 55724.0 -0.0003518893158951802 0.000509064179107
55724.0 55727.0 -0.00033436519870914955 0.000596990562682
55727.0 55730.0 0.0005769783891094652 0.000524929807273
55730.0 55733.0 0.00015808987362586656 0.000663604135114
55733.0 55736.0 0.00015062344663309898 0.000718851084319
55736.0 55739.0 0.0018922627764908415 0.00079162713693
55739.0 55742.0 0.0006869044303908565 0.000629071662073
55742.0 55745.0 0.0010306260441070912 0.000571686622099
55745.0 55748.0 -1.686153850388608e-05 0.000966813220106
55748.0 55751.0 0.0014279331762451454 0.000470907217332
55751.0 55754.0 -0.00019354087283087617 0.00105576686257
55754.0 55757.0 0.0014530076629730834 0.000960332793916
55757.0 55760.0 0.0007573691546242093 0.000910749963381
55760.0 55763.0 0.0008108369046223987 0.000834541657863
55763.0 55766.0 0.0018086978050310266 0.000804466713969
55766.0 55769.0 -6.394752823173797e-06 0.000824643843881
55769.0 55772.0 -0.0004469056397236314 0.000871483813128
55772.0 55775.0 0.001715273747528912 0.00090185149893
55775.0 55778.0 0.00372509 0.00227266
55778.0 55781.0 0.0021466956036806477 0.00102897985878
55781.0 55784.0 0.0009009194013926246 0.00106489640879
55784.0 55787.0 0.00040683 0.00126593
55787.0 55790.0 0.0014073224287474726 0.00116133456774
55790.0 55793.0 0.0006137678860491336 0.00157138258353
55793.0 55796.0 -0.0008489049877303539 0.000795256613138
55796.0 55799.0 0.0013300119464057737 0.00071159591115
55799.0 55802.0 -0.0003427954335826786 0.000657719845609
55802.0 55805.0 0.0006641803812923849 0.000785455943723
55805.0 55808.0 0.0009471717395648757 0.000654197167422
55808.0 55811.0 -0.0003504990117010928 0.000709231669687
55811.0 55814.0 0.0060413434661272525 0.000607907201793
55814.0 55817.0 0.010584481890729849 0.000692594932852
55817.0 55820.0 0.002128820375826795 0.000783303761313
55820.0 55823.0 0.003912344722915156 0.00058286379737
55823.0 55826.0 -0.0015386626077396458 0.000939054570573
55826.0 55829.0 0.0026106148291583273 0.00103145337276
55829.0 55832.0 -0.0005183715256375073 0.000962887040852
55832.0 55835.0 0.0019749001318960287 0.00112179522172
55835.0 55838.0 0.0002953310745328547 0.000779384251338
55838.0 55841.0 -7.327544296076988e-05 0.000575453226289
55841.0 55844.0 0.0008581327752870059 0.000552643052149
55844.0 55847.0 0.0003628870057686985 0.000574521770958
55847.0 55850.0 -0.0001072269454782675 0.000415136564878
55850.0 55853.0 0.0007937781037006636 0.000331040021496
55853.0 55856.0 -0.0006282763387541971 0.000426581160575
55856.0 55859.0 0.00041514931312075726 0.000628429846055
55859.0 55862.0 -0.0005502382752584078 0.000722433263287
55862.0 55865.0 -0.0005420312882653987 0.000688898513249
55865.0 55868.0 0.0011470014482475365 0.000653402251522
55868.0 55871.0 -0.0009247150983789563 0.000801495144656
55871.0 55874.0 6.9948449761461e-05 0.000771747497763
55874.0 55877.0 -0.0016794781437629524 0.00114956128409
55877.0 55880.0 -0.00046580824873740454 0.000550062634378
55880.0 55883.0 -0.0018128240758271965 0.00116836141954
55883.0 55886.0 -1.033984600822231e-06 0.000725739278668
55886.0 55889.0 -0.00033991116110316556 0.00105200148089
55889.0 55892.0 -0.0012074878740602356 0.000993275686847
55892.0 55895.0 0.0008112556668220846 0.000640409878598
55895.0 55898.0 -0.0009657410341643447 0.000513077543316
55898.0 55901.0 0.0007823083214753825 0.000653814138858
55901.0 55904.0 0.0006065596133825226 0.000646227029789
55904.0 55907.0 -0.000494508275148456 0.000753744723043
55907.0 55910.0 -0.0010133323576462321 0.000532929726786
55910.0 55913.0 0.0010619584261485008 0.000567974730076
55913.0 55916.0 0.000625021709421897 0.00084490555901
55916.0 55919.0 -0.00043090681222376876 0.00061052895708
55919.0 55922.0 0.001928598074741885 0.000827805668625
55922.0 55925.0 -0.0008684614343480119 0.000470939965309
55925.0 55928.0 -0.00045306916324415334 0.000652104968383
55928.0 55931.0 -0.0001212957353514095 0.000457193431889
55931.0 55934.0 -0.0020356472955744206 0.000607240832707
55934.0 55937.0 -0.0005652191635123305 0.00060524729387
55937.0 55940.0 0.0005241798686614425 0.000595793471814
55940.0 55943.0 -0.00039230619331003983 0.000381809985278
55943.0 55946.0 0.00030339924722374374 0.000591302384434
55946.0 55949.0 -0.0005188462037101996 0.00055869359193
55949.0 55952.0 -0.0009306569400576285 0.000735008185947
55952.0 55955.0 -4.8391128615849414e-05 0.00105339906564
55955.0 55958.0 0.0002547198850138127 0.000555929857342
55958.0 55961.0 -0.0004444870521624231 0.0010196391669
55961.0 55964.0 0.0015290586817368315 0.00115905573442
55964.0 55967.0 -0.0017505300905622336 0.000964330129526
55967.0 55970.0 0.0002158058947340696 0.00105492957235
55970.0 55973.0 0.0006596050789831931 0.000793252606123
55973.0 55976.0 0.0001534128151853669 0.000528873367636
55976.0 55979.0 0.000268829839567258 0.000487883545231
55979.0 55982.0 0.0002552580906023196 0.000557493895186
55982.0 55985.0 -0.0003167732380594592 0.00063155059961
55985.0 55988.0 0.004127224752721142 0.00235786539435
55988.0 55991.0 0.0007814074404200635 0.000486561100365
55991.0 55994.0 0.0003851522617534685 0.000841909147814
55994.0 55997.0 0.001760722010885487 0.00128594973048
55997.0 56000.0 -0.0002445906548299917 0.000727718296145
56000.0 56003.0 -3.228014386317226e-05 0.000651268129377
56003.0 56006.0 0.0011610385696386584 0.000627625518749
56006.0 56009.0 0.0010963912080912417 0.000459858791828
56009.0 56012.0 -2.3098730421162554e-05 0.00050185813945
56012.0 56015.0 0.0006649978764319669 0.000520355060537
56015.0 56018.0 0.00011515082641402545 0.000488959816593
56018.0 56021.0 -0.0006549681856637732 0.000531077037566
56021.0 56024.0 0.00012802062109283237 0.000589548954479
56024.0 56027.0 -0.00024762298225887024 0.000468651490024
56027.0 56030.0 0.0011629833661652208 0.000439898016009
56030.0 56033.0 -0.00011091000863299614 0.000448698742952
56033.0 56036.0 0.0012109937356371613 0.000488395248442
56036.0 56039.0 0.0009132888499140514 0.000464153172131
56039.0 56042.0 -0.00018514774111628158 0.000489121437254
56042.0 56045.0 0.00039679658116378364 0.000534324872441
56045.0 56048.0 -0.0005332839856572912 0.000658595521748
56048.0 56051.0 0.0009814050355446279 0.000638266403669
56051.0 56054.0 -8.451804659142607e-06 0.000540723379328
56054.0 56057.0 0.00216729774548524 0.000471111730385
56057.0 56060.0 0.0012558846723640241 0.000506096717305
56060.0 56063.0 0.0002958064528573851 0.000639185956862
56063.0 56066.0 0.0008240127808955557 0.000698956609225
56066.0 56069.0 0.0002491447328904969 0.000552090639412
56069.0 56072.0 6.902217297895515e-05 0.000676034232085
56072.0 56075.0 0.0018038658408129813 0.000837619850589
56075.0 56078.0 0.0006845343299007537 0.000654394017008
56078.0 56081.0 0.00042269302945202635 0.000505961767186
56081.0 56084.0 0.002045813746996822 0.000576622239703
56084.0 56087.0 0.001152729401186503 0.000633447636845
56087.0 56090.0 0.0014588973765767774 0.000844757869488
56090.0 56093.0 -0.0011726584584231042 0.00097394499574
56093.0 56096.0 -0.0005297213205778189 0.000906843094312
56096.0 56099.0 -0.00028166331089664114 0.000865542776626
56099.0 56102.0 -0.0004699115034202073 0.000532134321096
56102.0 56105.0 0.00025687787077497386 0.000691101047435
56105.0 56108.0 -0.0005799163979316578 0.000628822901764
56108.0 56111.0 -0.0001782766284588851 0.000682438578386
56111.0 56114.0 0.000986175018683862 0.000583941924496
56114.0 56117.0 0.00037452363445940155 0.000579899305121
56117.0 56120.0 0.0005307887447029568 0.000464068052583
56120.0 56123.0 0.002240731439773088 0.000691957467666
56123.0 56126.0 0.0020210944688416966 0.000721980669098
56126.0 56129.0 0.0005168498564216788 0.000412684486836
56129.0 56132.0 0.000708238276164752 0.000374077147146
56132.0 56135.0 0.0001753599385621004 0.00108597699059
56135.0 56138.0 -0.0005674371389043895 0.000973670593041
56138.0 56141.0 0.00012394540930173604 0.00107158026216
56141.0 56144.0 0.001827950668078137 0.000938835667795
56144.0 56147.0 0.02858475 0.02886604
56147.0 56150.0 -0.00202123 0.00328774
56150.0 56153.0 -2.5413792536352513e-05 0.00145244340495
56153.0 56156.0 -0.0025509184915898935 0.00207870763784
56156.0 56159.0 -0.00302484 0.00253667
56159.0 56162.0 0.0012582843016898456 0.000911409108413
56162.0 56165.0 0.0017641304903058509 0.000493694954451
56165.0 56168.0 0.001690417907170764 0.000752794411927
56168.0 56171.0 0.00032481085425026105 0.000513183636754
56171.0 56174.0 0.0006316849427652059 0.000566898482157
56174.0 56177.0 0.001179241701368439 0.00074899278377
56177.0 56180.0 0.001698826201129654 0.000834216347319
56180.0 56183.0 0.001706502914545284 0.000648054274914
56183.0 56186.0 0.001005648861177775 0.000666711095274
56186.0 56189.0 -0.0028928942922633195 0.00196558764189
56189.0 56192.0 -0.0018607399785227755 0.00148390133704
56192.0 56195.0 0.0003715795606985119 0.00166598726198
56195.0 56198.0 0.0025139414362336044 0.00181603564892
56198.0 56201.0 0.0015101031575793357 0.00102474712445
56201.0 56204.0 -0.0002619806528624353 0.000865193382336
56204.0 56207.0 0.0009667224441826297 0.000690992460748
56207.0 56210.0 0.0010600251253671637 0.000576944110571
56210.0 56213.0 0.0004817114287043356 0.000434659041705
56213.0 56216.0 0.0005604623396578651 0.000487872271815
56216.0 56219.0 -0.0008740454707204528 0.000569658791969
56219.0 56222.0 -0.00037441405777324094 0.000587855259314
56222.0 56225.0 0.0015154636105873854 0.00104834139318
56225.0 56228.0 0.0009580192309070869 0.000921524886355
56228.0 56231.0 0.0009176094451026592 0.00075235013491
56231.0 56234.0 -0.0015127020678769245 0.00086776298199
56234.0 56237.0 0.0025755295137332226 0.000672659158353
56237.0 56240.0 0.0021541451390314635 0.000789728488726
56240.0 56243.0 -0.0007754294182104314 0.000872854277796
56243.0 56246.0 0.0006335898716950799 0.00108094748336
56246.0 56249.0 0.0026811054574560236 0.00280390006836
56249.0 56252.0 -0.0012642153454779986 0.00242397789539
56252.0 56255.0 0.002123830420855584 0.000808242700784
56255.0 56258.0 -0.000832764122063547 0.000760635653855
56258.0 56261.0 -0.00031514297192225256 0.00110665803392
56261.0 56264.0 0.001366711776468802 0.00120657764172
56264.0 56267.0 -0.0007920468045643831 0.00106283117554
56267.0 56270.0 0.0004753327282919799 0.000670223385483
56270.0 56273.0 -0.0016485503448336618 0.000653452566828
56273.0 56276.0 0.0011796411034939297 0.000783355120406
56276.0 56279.0 0.0001043133199439796 0.000605797001819
56279.0 56282.0 -0.00014766028882518922 0.000787852505444
56282.0 56285.0 -2.997818971209534e-05 0.000477144255403
56285.0 56288.0 0.0011838973827795073 0.000709174171937
56288.0 56291.0 -0.00038429404706881627 0.000760162644407
56291.0 56294.0 0.00012027422223994415 0.000567303607342
56294.0 56297.0 0.0012500030318306134 0.000755149313358
56297.0 56300.0 -0.00015044694711334821 0.00052760556016
56300.0 56303.0 0.002087672212647535 0.000662943138961
56303.0 56306.0 0.00029398574538497805 0.00049275114784
56306.0 56309.0 0.001387410836648242 0.00055988779696
56309.0 56312.0 -9.947446937642221e-05 0.000402435495409
56312.0 56315.0 0.00024307152907333915 0.000384320219526
56315.0 56318.0 -0.0002722952283005268 0.000458397132281
56318.0 56321.0 2.7152732013345986e-05 0.00048923621666
56321.0 56324.0 2.8174306391401198e-05 0.000438397619356
56324.0 56327.0 0.00023755014574402 0.000428601185179
56327.0 56330.0 0.0013232365016784217 0.000405079689643
56330.0 56333.0 0.0020484962975465372 0.0013700190106
56333.0 56336.0 0.00018329085826394723 0.000729373216735
56336.0 56339.0 0.0004494539348521507 0.000745261365226
56339.0 56342.0 0.0008031768063948247 0.000670116691685
56342.0 56345.0 -0.00040855931490909524 0.000613470293807
56345.0 56348.0 -0.0006828550680959096 0.000626691057944
56348.0 56351.0 -0.00019254637970246967 0.0010316920986
56351.0 56354.0 0.0005828894998104629 0.000864406423779
56354.0 56357.0 0.001121303821158804 0.000838164993087
56357.0 56360.0 0.00025181253180670443 0.000610022148405
56360.0 56363.0 0.0014020339779547686 0.000893417178145
56363.0 56366.0 0.0004653838015570657 0.000589604390987
56366.0 56369.0 0.0008334711777355445 0.000699458864568
56369.0 56372.0 0.0004982910133712606 0.000711285091509
56372.0 56375.0 0.0015622509732239034 0.000818015009569
56375.0 56378.0 0.003045964014514829 0.000702065380728
56378.0 56381.0 0.0016433993579029226 0.000729948734672
56381.0 56384.0 0.0014471698900196423 0.000577615726519
56384.0 56387.0 0.0011932250516935442 0.000555782284677
56387.0 56390.0 0.0006872835458403716 0.000521559370549
56390.0 56393.0 0.0011013763028932418 0.000587281224541
56393.0 56396.0 0.004912899675100343 0.000473928697535
56396.0 56399.0 0.006046539799066182 0.000511190017593
56399.0 56402.0 0.001034169050654512 0.000388370652429
56402.0 56405.0 0.00023937749745365486 0.000352038741641
56405.0 56408.0 0.0006816620647120446 0.000461407671153
56408.0 56411.0 0.001288675474543822 0.000516397663298
56411.0 56414.0 9.793657693294672e-05 0.000420686738265
56414.0 56417.0 0.0003841338259862032 0.000386943185431
56417.0 56420.0 6.882282840089189e-06 0.00043868572618
56420.0 56423.0 0.0001306335082206571 0.000403173176793
56423.0 56426.0 0.00038519644930729106 0.000465762204073
56426.0 56429.0 -0.00046370519278323736 0.000455796366091
56429.0 56432.0 -0.0006137584192919784 0.000632582808832
56432.0 56435.0 -0.00019388047248283376 0.000446293304896
56435.0 56438.0 0.00042850193217420184 0.000554507179208
56438.0 56441.0 0.0006948487117359244 0.000513015647456
56441.0 56444.0 0.0014302274991032009 0.000788047169163
56444.0 56447.0 0.0017187251762627765 0.000542081848584
56447.0 56450.0 0.002169290500880396 0.000548913459609
56450.0 56453.0 -3.623023126605744e-05 0.000520192489979
56453.0 56456.0 0.0017725357633729968 0.000760581659343
56456.0 56459.0 0.002690863924787018 0.000899758210074
56459.0 56462.0 0.004194337343483654 0.000789850408066
56462.0 56465.0 0.0014598555199185665 0.00058261541171
56465.0 56468.0 0.0008366134171157089 0.000666630291196
56468.0 56471.0 0.001290777366948834 0.000602043405148
56471.0 56474.0 0.002996403240005804 0.000546620701841
56474.0 56477.0 0.0013878767664870111 0.000906103472035
56477.0 56480.0 0.0018633554727169792 0.00055833407974
56480.0 56483.0 0.0013343569091791717 0.000794613933195
56483.0 56486.0 0.0022660192527890893 0.000474222796183
56486.0 56489.0 0.001068545344081147 0.000424969138434
56489.0 56492.0 0.0008112367202477565 0.000382566743395
56492.0 56495.0 0.0030401445598044886 0.000565261628647
56495.0 56498.0 -0.00016570774134925506 0.00094847518773
56498.0 56501.0 0.0007497850413703644 0.00103639348805
56501.0 56504.0 0.0013881071205514579 0.00140669197296
56504.0 56507.0 0.000902773912434436 0.000997853721536
56507.0 56510.0 -0.0005253728427680442 0.00207256252131
56510.0 56513.0 0.002059877577242661 0.00112624618122
56513.0 56516.0 0.007932397499474863 0.00149565997362
56516.0 56519.0 0.0030482138943746825 0.0014526648823
56519.0 56522.0 0.0010255863856411566 0.00206053086162
56522.0 56525.0 0.0034004849741490805 0.00169396426825
56525.0 56528.0 0.006152924214051133 0.00116247482374
56528.0 56531.0 0.004977046370439888 0.00115241447526
56531.0 56534.0 -0.000628541296645304 0.000635370183305
56534.0 56537.0 0.0008632545224971457 0.000718508528638
56537.0 56540.0 0.001762898637624994 0.00107101914665
56540.0 56543.0 0.0005759631286780304 0.00079616443756
56543.0 56546.0 -0.0006862965172739345 0.000683124771809
56546.0 56549.0 0.0017112331906763948 0.000759299397192
56549.0 56552.0 0.00031073544988929885 0.000673203401878
56552.0 56555.0 0.0002739740027200038 0.000707272182596
56555.0 56558.0 0.0023009649196983188 0.000611910831769
56558.0 56561.0 0.0018611661157636788 0.00067357078082
56561.0 56564.0 0.0009704783700922078 0.000716332881155
56564.0 56567.0 0.0014598060260251535 0.000783819305134
56567.0 56570.0 0.001681381451450112 0.000596497117475
56570.0 56573.0 -8.334400422461565e-05 0.000582404081623
56573.0 56576.0 0.001037572915044467 0.000371307098344
56576.0 56579.0 0.00045925031052242583 0.000368788862297
56579.0 56582.0 -0.00031473655355777 0.000328348013529
56582.0 56585.0 0.000650993422779735 0.000440987377755
56585.0 56588.0 0.0008293742998657192 0.000314745131099
56588.0 56591.0 -7.090473935740096e-05 0.000324501240808
56591.0 56594.0 0.0010748112403618228 0.000414475950418
56594.0 56597.0 0.0004603266818371982 0.000578197537763
56597.0 56600.0 0.0005642133021084186 0.000713399250961
56600.0 56603.0 0.0003937760464740194 0.000738502459629
56603.0 56606.0 0.0018803276254709092 0.000434322565669
56606.0 56609.0 0.0006266552780731454 0.000413194378336
56609.0 56612.0 0.0041198738913882675 0.000637910713645
56612.0 56615.0 0.001127896122547157 0.000694340198335
56615.0 56618.0 0.00040772978929130534 0.000535333690543
56618.0 56621.0 -2.4352456699802016e-05 0.000686595715252
56621.0 56624.0 0.002148901405544554 0.000835870052375
56624.0 56627.0 0.0009584317569963313 0.000555788033967
56627.0 56630.0 0.0009671816141098672 0.000611072473494
56630.0 56633.0 -0.00013863225434042648 0.000516720813706
56633.0 56636.0 0.001012449363989909 0.000595609525789
56636.0 56639.0 0.0026430833615734652 0.000657871881633
56639.0 56642.0 0.0025064825707699153 0.000534515570717
56642.0 56645.0 0.0012876037975436906 0.000663877016876
56645.0 56648.0 -0.0004912892838937896 0.000882101743709
56648.0 56651.0 0.0003025987188283382 0.00072319949525
56651.0 56654.0 -0.0006490211860204684 0.000703918567668
56654.0 56657.0 0.0002022437775295589 0.000960518223792
56657.0 56660.0 0.0006348883647186175 0.000755715549805
56660.0 56663.0 0.0013768018178367965 0.00080661669527
56663.0 56666.0 0.002629142797214214 0.000699967399304
56666.0 56669.0 0.0003892742684841118 0.000661554742489
56669.0 56672.0 0.00012026936213231537 0.000553953862871
56672.0 56675.0 -6.003052297199812e-05 0.000463240494048
56675.0 56678.0 0.00032295543142999187 0.000469904328235
56678.0 56681.0 0.0004942843803905396 0.000582483915888
56681.0 56684.0 0.0011576513818401454 0.000594946608879
56684.0 56687.0 0.00011256901274002426 0.000546265775617
56687.0 56690.0 0.0012623380134378778 0.000509031353377
56690.0 56693.0 0.00039496922395349416 0.000542430014454
56693.0 56696.0 -0.00017532271088552948 0.000439589758331
56696.0 56699.0 0.0006170295199734745 0.000449770612333
56699.0 56702.0 0.0009183001524398425 0.000692718313262
56702.0 56705.0 0.001525138678513656 0.000747599785221
56705.0 56708.0 0.0022433560041267534 0.000709526867769
56708.0 56711.0 0.0009131169295844598 0.000576722491738
56711.0 56714.0 0.0006942900663108073 0.000638530255672
56714.0 56717.0 0.0012152644050519867 0.000466654166083
56717.0 56720.0 -0.00011111944982754868 0.000593313804164
56720.0 56723.0 0.002101739680140992 0.000467453686936
56723.0 56726.0 0.001896810060010571 0.000606081136456
56726.0 56729.0 0.0010293613619912904 0.000608381207039
56729.0 56732.0 0.001942198736524909 0.000762790991219
56732.0 56735.0 -0.0002654917900233945 0.000490097805626
56735.0 56738.0 0.0009286588323746545 0.000479765002296
56738.0 56741.0 0.0007672295787627378 0.000475930058839
56741.0 56744.0 0.00171559420884957 0.000440858149086
56744.0 56747.0 0.0006243323893716945 0.000501917100936
56747.0 56750.0 0.0006498272431718667 0.000600965200119
56750.0 56753.0 0.0013039880449594139 0.000642008929174
56753.0 56756.0 0.0005910453006184918 0.000549503094359
56756.0 56759.0 0.0018150223777755555 0.000460550692106
56759.0 56762.0 0.00037084752177484235 0.000635160576864
56762.0 56765.0 0.0010192754810759703 0.000484681680997
56765.0 56768.0 5.454044862620784e-05 0.000480409457049
56768.0 56771.0 0.00013349855101088494 0.000454547368135
56771.0 56774.0 0.0015591425093331827 0.000430848993197
56774.0 56777.0 0.0012890176314669403 0.000389421137402
56777.0 56780.0 0.0012361516996541588 0.00043880316326
56780.0 56783.0 0.0012962930464472666 0.000444334503185
56783.0 56786.0 0.0009849460252577247 0.000488772648916
56786.0 56789.0 0.0019077178171117753 0.000611991309581
56789.0 56792.0 0.0002592310697329523 0.000579324101933
56792.0 56795.0 0.0007763430221491408 0.000528477437765
56795.0 56798.0 3.29978751345825e-05 0.000514151814395
56798.0 56801.0 0.0002213129149266861 0.000522643045492
56801.0 56804.0 0.00029260697332294096 0.000550025799653
56804.0 56807.0 -4.2216005789718125e-06 0.00058188091999
56807.0 56810.0 0.00040361538075827286 0.000527314285226
56810.0 56813.0 0.0003013586549394132 0.000649700737313
56813.0 56816.0 -4.480077212231584e-05 0.000488117838589
56816.0 56819.0 0.0004016832811513906 0.000495905284675
56819.0 56822.0 0.00046532035197231595 0.000619119617027
56822.0 56825.0 0.000999628729161785 0.000952367914835
56825.0 56828.0 0.0006700791405118537 0.000752622982761
56828.0 56831.0 0.0005465724277258823 0.000655969918599
56831.0 56834.0 0.0003314259721450853 0.000777859641088
56834.0 56837.0 6.387137629063885e-05 0.000788878415277
56837.0 56840.0 -0.0001497681899412219 0.00118901018879
56840.0 56843.0 0.0010394591618901146 0.000729354752183
56843.0 56846.0 0.0009785331023804782 0.000664948017503
56846.0 56849.0 -0.00026045955755500753 0.000577182061646
56849.0 56852.0 0.0005429287683793513 0.000703769137405
56852.0 56855.0 0.00011026708946980492 0.000611129204
56855.0 56858.0 0.0012737887325568206 0.000855295768966
56858.0 56861.0 0.00227931 0.00068701
56861.0 56864.0 0.0011682679665327243 0.000586999107301
56867.0 56870.0 0.00156096 0.00113293
56870.0 56873.0 6.313397186504429e-05 0.000869328104622
56873.0 56876.0 4.026230587288423e-05 0.000999718156413
56876.0 56879.0 0.000853537468463657 0.000987372204647
56879.0 56882.0 -0.001326737859871578 0.000852479018763
56882.0 56885.0 0.0009147037249110664 0.000579649366911
56885.0 56888.0 -7.748904474012861e-05 0.000524663266596
56888.0 56891.0 -1.962051206220504e-06 0.000780247389677
56891.0 56894.0 0.00023851239633719345 0.000667602828437
56894.0 56897.0 0.0006762455596245349 0.000610133266492
56897.0 56900.0 0.0005960562822449261 0.000645834481318
56900.0 56903.0 -0.00032109856849904945 0.000893144717485
56903.0 56906.0 0.0006578298510798095 0.00101168576977
56906.0 56909.0 0.0027630424468060495 0.000993798536323
56909.0 56912.0 0.0011529712227999315 0.00088560194619
56912.0 56915.0 0.0016895664700231309 0.0010410052007
56915.0 56918.0 0.00028577739833531766 0.000901014034532
56918.0 56921.0 -0.0036540214225392327 0.00182809625633
56921.0 56924.0 -0.0009996333449742837 0.00102534942122
56924.0 56927.0 -8.898772375805022e-05 0.000922880862143
56927.0 56930.0 0.00023359376538727503 0.000890313983142
56930.0 56933.0 -0.00024191962030605785 0.000821238844899
56933.0 56936.0 0.0006258349468589422 0.00056585253641
56936.0 56939.0 0.0004643064498620123 0.000525126474829
56939.0 56942.0 0.000936232512200376 0.000563397929212
56942.0 56945.0 7.7877194620577e-05 0.000643993706837
56945.0 56948.0 -4.349854459989658e-05 0.000728450086153
56948.0 56951.0 0.0003928444001954272 0.000563163429912
56951.0 56954.0 0.0003446066770091718 0.000624347581895
56954.0 56957.0 -0.0002019924669125467 0.000726125457808
56957.0 56960.0 0.0006199890105292755 0.000672613414168
56960.0 56963.0 0.00033096018892922127 0.000955343493432
56963.0 56966.0 0.0003187924602628416 0.000718942053114
56966.0 56969.0 0.00275051966446741 0.00163588336492
56969.0 56972.0 0.0014527392309660668 0.00129031357031
56972.0 56975.0 0.004932411442348515 0.00093962107218
56975.0 56978.0 0.001147410332769363 0.000847690963882
56978.0 56981.0 0.0028303828673554654 0.000569856447859
56981.0 56984.0 0.004024258545189325 0.000725944006958
56984.0 56987.0 0.0029636174733547356 0.000648054926864
56987.0 56990.0 0.0009322331250929065 0.000667008982222
56990.0 56993.0 0.001164471700065375 0.000778745961931
56993.0 56996.0 0.0031128140645882902 0.000561970644628
56996.0 56999.0 0.0010855729096274894 0.000704593198443
56999.0 57002.0 0.0007487742041973805 0.000714588355361
57002.0 57005.0 -0.0012382168137242719 0.00154262123253
57005.0 57008.0 0.0011571349339842827 0.000724402578497
57008.0 57011.0 0.00378556825211142 0.00078454942149
57011.0 57014.0 0.001963542917742774 0.000906643159057
57014.0 57017.0 0.0008281508345302377 0.000690330006965
57017.0 57020.0 0.0026186091322654864 0.000686561003848
57020.0 57023.0 0.0022358435808065686 0.00157900264029
57023.0 57026.0 0.0022219722692678706 0.000912242613204
57026.0 57029.0 0.002364699016531784 0.00115858938625
57029.0 57032.0 0.008202962731857933 0.00192305810497
57032.0 57035.0 0.0017971545557454458 0.000847348793736
57035.0 57038.0 0.00393914506601635 0.000647909802632
57038.0 57041.0 0.002549372691245247 0.0006115700834
57041.0 57044.0 0.0017582104917092153 0.000571384578132
57044.0 57047.0 0.0015078121795561144 0.0011095968442
57047.0 57050.0 0.0011739124958617835 0.00048520286148
57050.0 57053.0 0.00018952325715494055 0.000747299837336
57053.0 57056.0 0.00024019743303369245 0.000681694562179
57056.0 57059.0 0.0036156170912960937 0.00102807453289
57059.0 57062.0 0.0011998314742195722 0.000744382267967
57062.0 57065.0 0.004731728788292631 0.000652944375674
57065.0 57068.0 0.004179265782991386 0.00061154343191
57068.0 57071.0 0.0018877796915741467 0.000499121030008
57071.0 57074.0 0.0008731589639303176 0.000583479229425
57074.0 57077.0 0.0014805064727497657 0.00058382690011
57077.0 57080.0 0.0002790997302421434 0.000648807580071
57080.0 57083.0 -0.0004996275556309801 0.000892146960627
57083.0 57086.0 0.001652263267732004 0.000482540951259
57086.0 57089.0 0.0019480553659750705 0.000536719774162
57089.0 57092.0 0.003134772069229954 0.000614059113468
57092.0 57095.0 0.001915657743404623 0.000585576818922
57095.0 57098.0 0.00133994669394229 0.000803026259398
57098.0 57101.0 -0.0003502028111999808 0.000788124256752
57101.0 57104.0 0.00032080770193013293 0.000668833042384
57104.0 57107.0 0.0014616363335194808 0.000575180863816
57107.0 57110.0 0.0026313839359157713 0.000601065180502
57110.0 57113.0 0.0040444430237306095 0.000508347587996
57113.0 57116.0 0.001356882437362903 0.000569917132307
57116.0 57119.0 0.0009752656220141013 0.000601703708596
57119.0 57122.0 0.001385178970670103 0.000504982920187
57122.0 57125.0 0.004481608666958637 0.000557339127475
57125.0 57128.0 0.0022536603328715435 0.000559166266547
57128.0 57131.0 0.0014339165869270349 0.000622872619936
57131.0 57134.0 0.0010772353627633803 0.000625313661526
57134.0 57137.0 -0.0004287246351958748 0.000902614891353
57137.0 57140.0 -0.0006282370159874083 0.000797523029859
57140.0 57143.0 0.0008240248317177393 0.00071316238099
57143.0 57146.0 0.0006703965316996295 0.000608921155339
57146.0 57149.0 0.001082643502895553 0.000685110977386
57149.0 57152.0 0.0013121631770587128 0.000650407855137
57152.0 57155.0 0.0007774119459807942 0.000702918255963
57155.0 57158.0 -0.0005191847907690195 0.000663237670177
57158.0 57161.0 -1.974397726828388e-05 0.000518778194194
57161.0 57164.0 0.0008545397316963561 0.00054767698238
57164.0 57167.0 0.0007873669223029813 0.000638180720257
57167.0 57170.0 0.0007037095234937701 0.000624248591097
57170.0 57173.0 0.0006217832321005111 0.000621473326372
57173.0 57176.0 2.8149093308529273e-05 0.000639628124522
57176.0 57179.0 0.0013082155218488874 0.00100815338906
57179.0 57182.0 0.0007369174778006057 0.000701564022608
57182.0 57185.0 0.0006391715220239953 0.000753019826525
57185.0 57188.0 0.0002613159377076028 0.000938933526592
57188.0 57191.0 0.0013392896987530632 0.000950752536465
57191.0 57194.0 2.0642203455952186e-05 0.000762025163549
57194.0 57197.0 0.0005688748038350111 0.000739426164629
57197.0 57200.0 0.0013830637184876207 0.000516430363542
57200.0 57203.0 0.0015612659621235103 0.00054141663592
57203.0 57206.0 0.0003273340676395324 0.000602794503435
57206.0 57209.0 0.0007102785136256052 0.00050731405723
57209.0 57212.0 0.0010163572384881319 0.000450394963815
57212.0 57215.0 8.321497998886665e-05 0.000411651340973
57215.0 57218.0 0.00041724192478999024 0.00047101139583
57218.0 57221.0 -0.00014796249236261681 0.000495692227122
57221.0 57224.0 0.0009950781451356142 0.000850205922344
57224.0 57227.0 0.0009391773389727497 0.000639060000688
57227.0 57230.0 0.0017002069275950731 0.000889131030249
57230.0 57233.0 0.0007096812693784584 0.00165166658537
57233.0 57236.0 -0.0013002129490764396 0.00123582581482
57236.0 57239.0 0.0025073453155264962 0.000749484693389
57239.0 57242.0 0.003003938334600694 0.00117388298393
57242.0 57245.0 0.0013987895717420071 0.00104842571533
57245.0 57248.0 0.00023650793562777074 0.000900268066116
57248.0 57251.0 0.001659358914214322 0.000798004652221
57251.0 57254.0 0.0010967376568530886 0.000978915273489
57254.0 57257.0 0.0006598510599192311 0.000852831271157
57257.0 57260.0 0.0005734804401993013 0.000828134853894
57260.0 57263.0 0.0010085216214419778 0.00118396796805
57263.0 57266.0 0.0008515945521648854 0.000698143430142
57266.0 57269.0 -1.8671711674468503e-05 0.00141967046659
57269.0 57272.0 0.0017007226371770455 0.000722035430198
57272.0 57275.0 -0.00012983296061875606 0.000918422481824
57275.0 57278.0 -9.620476969509579e-05 0.00118205829875
57278.0 57281.0 0.002090497804585974 0.000903522369716
57281.0 57284.0 0.0004451455346195378 0.00154470491465
57284.0 57287.0 0.0003701462084747252 0.00133038319887
57287.0 57290.0 -6.599668366008384e-05 0.000908606304015
57290.0 57293.0 0.0016180491862562768 0.000774389847387
57293.0 57296.0 0.0016367323152609843 0.000635005315096
57296.0 57299.0 -0.0004248546037952739 0.000622806707873
57299.0 57302.0 0.0006781244310747996 0.000649252797605
57302.0 57305.0 -2.5396642328506843e-05 0.000513805707806
57305.0 57308.0 0.0012944027345248015 0.000578161085407
57308.0 57311.0 2.9760059693515847e-05 0.00054874401711
57311.0 57314.0 0.0008575763020327663 0.000596261171082
57314.0 57317.0 0.0010335462142298203 0.000580141807296
57317.0 57320.0 -0.0005402781944433006 0.000653670362823
57320.0 57323.0 -0.0004906928759269506 0.000554572398702
57323.0 57326.0 0.0007615671989883518 0.000589826665484
57326.0 57329.0 -0.00083005 0.0017336
57332.0 57335.0 0.0007076379496964608 0.000883766603446
57335.0 57338.0 0.0001301280489306078 0.000616483180337
57338.0 57341.0 0.0005500880286997273 0.000727253822206
57341.0 57344.0 -0.0006291180121594704 0.00053629797213
57344.0 57347.0 -0.0004313698704763925 0.00062024031639
57347.0 57350.0 0.00014332188903659238 0.00058712610508
57350.0 57353.0 -0.0005624117272417411 0.000596782889927
57353.0 57356.0 -0.00024056372812862682 0.00054829230775
57356.0 57359.0 0.00010365519716500845 0.000666899409284
57359.0 57362.0 0.00058543 0.00195843
57362.0 57365.0 -0.0009826756529218946 0.000871986326938
57365.0 57368.0 -0.000565880491058249 0.00058596819576
57368.0 57371.0 0.0004008721507022724 0.000649105286474
57371.0 57374.0 0.0013594701238345765 0.000642160680968
57374.0 57377.0 0.0013576917895145432 0.000457289175719
57377.0 57380.0 0.0011463738935061495 0.000628803102202
57380.0 57383.0 0.0015848688356298645 0.000531154818337
57383.0 57386.0 0.0027174816634292 0.000647216323908
57386.0 57389.0 0.001718315687028386 0.000750255986951
57389.0 57392.0 0.0015471667692456331 0.000769908597248
57392.0 57395.0 0.0010223858247016934 0.000891567472305
57395.0 57398.0 0.0001883723987107484 0.00078287496318
57398.0 57401.0 0.0008950784087496692 0.000660802685764
57401.0 57404.0 0.0005229628708726352 0.000712862428807
57404.0 57407.0 0.00010161325104591641 0.000995749554803
57407.0 57410.0 0.0014904354925972933 0.000737891520435
57410.0 57413.0 0.00014775221090454236 0.00108069155275
57413.0 57416.0 0.0012082382083630594 0.000829149596177
57416.0 57419.0 -0.0005256584126496711 0.00082188570243
57419.0 57422.0 -0.0014051000220340745 0.000975747046169
57422.0 57425.0 0.0027631856578020377 0.000864209712152
57425.0 57428.0 0.001615259143807623 0.000693719866871
57428.0 57431.0 0.0014144349426463997 0.000793342162206
57431.0 57434.0 -0.00046618387319007174 0.000910727268879
57434.0 57437.0 0.00047316871661031795 0.00071511326747
57437.0 57440.0 -0.0006452191058388614 0.000698489266686
57440.0 57443.0 0.00015401394496421047 0.000537113572813
57443.0 57446.0 -0.00025767880090676236 0.000399747219922
57446.0 57449.0 0.0005249286080368354 0.000520082033199
57449.0 57452.0 0.00026711552117268927 0.000453039885856
57452.0 57455.0 -0.00016487262081457316 0.000409622230381
57455.0 57458.0 0.00014652847963888543 0.00045753221942
57458.0 57461.0 -0.0007030853276456805 0.000437782989433
57461.0 57464.0 -1.724951229702465e-05 0.000454520360943
57464.0 57467.0 0.0009835970182271313 0.000478511011778
57467.0 57470.0 0.00138380162940812 0.0005645538425
57470.0 57473.0 0.0003217714391201493 0.000438781289598
57473.0 57476.0 -0.00017000263244594389 0.000398461948818
57476.0 57479.0 5.4581851377845534e-05 0.000429206418013
57479.0 57482.0 0.00019872841310852705 0.000497232232637
57482.0 57485.0 -0.0008051162708126187 0.000468381019015
57485.0 57488.0 0.0006364545379611092 0.000492433520982
57488.0 57491.0 0.0010771721990713453 0.000461264221188
57491.0 57494.0 0.0008205391244355185 0.000484263864865
57494.0 57497.0 0.001718806377556226 0.000531694881521
57497.0 57500.0 0.0012824174811915906 0.000691099261856
57500.0 57503.0 0.0007914262261706667 0.000555227463743
57503.0 57506.0 0.0007270599709464961 0.000503594039013
57506.0 57509.0 0.0014710435911870637 0.00056071536442
57509.0 57512.0 0.0012356020594486402 0.000801618878087
57512.0 57515.0 -0.00022026031572925923 0.000514998771333
57515.0 57518.0 0.0006054747286313306 0.000601340013796
57518.0 57521.0 0.0015391299774890443 0.000866523593652
57521.0 57524.0 -0.001307627447916443 0.000795969663953
57524.0 57527.0 9.511678240891828e-05 0.000673161836694
57527.0 57530.0 0.0002572811276155486 0.000671559425311
57530.0 57533.0 0.0005175207591119931 0.000794575528961
57533.0 57536.0 0.003476859122875277 0.000596392519153
57536.0 57539.0 0.001578258532907041 0.000750979947799
57539.0 57542.0 0.0007987817499718225 0.000671218258334
57542.0 57545.0 0.00040667087379163777 0.000671014877686
57545.0 57548.0 0.001824120859967523 0.000466124803651
57548.0 57551.0 0.0021319164079718566 0.000639805755462
57551.0 57554.0 0.002746262247693559 0.00059129657497
57554.0 57557.0 0.0017592752674473473 0.000971876128942
57557.0 57560.0 0.00035893166565750996 0.000698467401044
57560.0 57563.0 0.0005485708181782623 0.000665103524116
57563.0 57566.0 0.0008354043552251038 0.000848455540479
57566.0 57569.0 0.0023191896717106183 0.000532112484838
57569.0 57572.0 0.0008512597734233752 0.000480132523513
57572.0 57575.0 0.001722547150879116 0.000467101385781
57575.0 57578.0 0.002402401236533007 0.000409282489862
57578.0 57581.0 0.0009685111263100966 0.000522333047443
57581.0 57584.0 0.0018766722156802517 0.000544887655255
57584.0 57587.0 0.0003774512010243199 0.000600776690609
57587.0 57590.0 0.00019874112829491413 0.00059866806067
57590.0 57593.0 -0.00048007952105264315 0.000906178726866
57593.0 57596.0 0.001651787022003117 0.00126230204343
57596.0 57599.0 0.0015051858190948146 0.00106749115367
57599.0 57602.0 -0.0012820757997915894 0.00159552638261
