56265.13849537 56265.21349537 0.35 1.01
56266.195844907 56266.288587962 0.92 0.77
56268.229097222 56268.292650462 0.44 0.97
56270.233055555 56270.297164351 -0.71 0.61
56275.217673611 56275.283946759 -0.23 0.40
56276.212534722 56276.298217592 0.61 0.40
56277.240092592 56277.269976851 0.58 0.67
56278.211840277 56278.279479166 -0.17 0.43
56279.210798611 56279.293587962 0.16 0.43
56282.240300925 56282.287013888 1.37 0.75
56283.219548611 56283.285127314 0.89 0.46
56284.211423611 56284.289583333 1.03 0.46
56295.112685185 56295.134594907 -0.18 1.56
56296.136099537 56296.259537037 0.12 0.59
56297.176608796 56297.291423611 1.71 0.54
56298.210185185 56298.292048611 0.97 0.55
56299.195474537 56299.283541666 0.32 0.40
56301.206122685 56301.284675925 0.44 0.39
56302.189861111 56302.292650462 -0.30 0.29
56303.193217592 56303.293344907 0.09 0.32
56304.19074074 56304.242627314 0.69 0.53
56305.188946759 56305.295023148 0.17 0.37
56306.202048611 56306.30005787 0.53 0.38
56307.220254629 56307.297094907 0.86 0.43
56308.192141203 56308.294386574 0.47 0.36
56309.190416666 56309.292916666 -0.02 0.36
56310.250324074 56310.291782407 -0.05 0.76
56312.183946759 56312.300092592 -0.17 0.36
56313.187083333 56313.286666666 0.31 0.36
56316.049236111 56316.277106481 -0.47 0.51
56317.214074074 56317.251631944 0.38 1.05
56324.065208333 56324.187662037 2.54 0.73
56325.13693287 56325.21162037 3.16 0.80
56326.136296296 56326.209641203 2.33 0.64
56327.130335648 56327.209409722 1.90 0.56
56330.126111111 56330.198738425 0.59 0.37
56331.126597222 56331.196319444 0.74 0.39
56332.117453703 56332.199548611 1.24 0.48
56333.117951388 56333.183078703 0.59 0.42
56334.116481481 56334.167638888 1.34 0.46
56338.148090277 56338.200810185 0.21 0.44
56344.052743055 56344.189583333 0.57 0.43
56346.061261574 56346.193425925 2.14 0.75
56358.071851851 56358.14505787 1.34 0.43
56360.006585648 56360.049074074 1.95 0.46
56363.035555555 56363.169513888 0.58 0.28
56364.038171296 56364.144027777 0.85 0.35
56365.035983796 56365.14636574 0.48 0.31
56369.037824074 56369.070486111 1.56 0.53
56370.863275462 56371.147465277 3.11 0.34
56372.014201388 56372.125717592 2.86 0.50
56373.850752314 56374.135590277 3.27 0.61
56379.923472222 56380.00261574 3.32 0.90
56381.998101851 56382.086516203 6.68 1.03
56382.943055555 56383.083888888 2.95 0.42
56383.939270833 56384.084004629 3.62 0.42
56387.968298611 56388.088668981 2.20 0.34
56388.96855324 56389.093391203 0.87 0.30
56389.968622685 56390.067627314 1.71 0.69
56390.965960648 56391.074212962 0.95 0.34
56391.959444444 56392.082337962 2.63 0.79
56395.862430555 56396.106423611 9.01 0.40
56396.875694444 56397.105335648 16.99 0.58
56397.884224537 56398.104814814 4.86 0.37
56398.864189814 56399.0975 2.32 0.41
56399.886099537 56400.095416666 1.01 0.33
56400.908460648 56401.09505787 0.85 0.44
56409.91068287 56409.967083333 2.62 0.67
56410.913043981 56411.031886574 1.62 0.50
56411.916388888 56412.025775462 2.37 0.38
56412.913020833 56413.02318287 1.00 0.45
56413.9134375 56414.026423611 1.10 0.35
56414.914027777 56415.017916666 1.42 0.36
56415.90818287 56416.017743055 0.31 0.35
56416.909606481 56417.019085648 0.62 0.33
56417.897905092 56418.018229166 0.36 0.41
56419.903159722 56420.019583333 -0.20 0.44
56420.939733796 56421.020081018 -0.86 0.86
56422.870023148 56422.950266203 -0.56 0.50
56423.870648148 56423.995347222 -0.20 0.37
56424.870833333 56424.909212962 0.83 0.81
56425.876111111 56425.970266203 0.77 0.41
56427.90130787 56427.983692129 0.25 0.42
56440.884641203 56440.946446759 1.70 0.60
56442.88449074 56442.951354166 3.98 0.65
56443.902789351 56443.953668981 2.20 0.69
56444.884652777 56444.954861111 2.18 0.76
56448.882326388 56448.938275462 0.73 0.67
56449.882141203 56449.937986111 0.67 0.62
56451.899189814 56451.955185185 1.35 0.72
56456.884340277 56456.924733796 1.08 0.87
56457.901145833 56457.930069444 2.79 1.31
56458.887997685 56458.928460648 2.85 1.14
56460.886956018 56460.9228125 1.78 1.28
56461.885833333 56461.921863425 3.54 1.50
56462.887974537 56462.920567129 1.23 1.56
56468.887650462 56468.940046296 1.03 1.22
56469.887592592 56469.939004629 3.62 1.11
56473.887442129 56473.938599537 1.76 1.05
56474.887569444 56474.938634259 0.44 1.16
56478.889664351 56478.94068287 -1.53 1.25
56479.889467592 56479.937118055 0.13 1.27
56480.888935185 56480.922650462 3.24 1.59
56481.888171296 56481.917372685 1.29 1.76
56618.141273148 56618.273900462 -0.09 0.89
56619.167962962 56619.27449074 -0.12 0.84
56620.212858796 56620.276793981 3.24 1.01
56621.216840277 56621.270775462 1.61 0.90
56622.210543981 56622.277905092 2.33 0.73
56623.21730324 56623.274618055 3.91 1.00
56625.207847222 56625.278414351 1.99 0.73
56630.204201388 56630.280219907 1.30 0.45
56631.207604166 56631.279525462 1.67 0.53
56658.133321759 56658.292858796 1.93 0.31
56659.133530092 56659.292152777 1.76 0.31
56660.130300925 56660.292627314 4.80 0.38
56661.13224537 56661.294189814 1.89 0.31
56662.116446759 56662.295011574 0.57 0.29
56663.1165625 56663.294918981 1.98 0.30
56664.1159375 56664.289918981 2.20 0.37
56668.112511574 56668.291493055 0.93 0.38
56669.114456018 56669.293043981 0.75 0.35
56671.017002314 56671.293981481 0.47 0.64
56679.114097222 56679.293379629 0.05 0.50
56685.148125 56685.29230324 0.52 0.30
56686.154108796 56686.263784722 0.45 0.32
56688.154861111 56688.261122685 0.77 0.38
56689.153321759 56689.262824074 0.35 0.33
56690.149108796 56690.254976851 3.05 0.42
56691.147962962 56691.254050925 1.84 0.37
56692.14917824 56692.255023148 0.45 0.34
56693.150034722 56693.255891203 0.65 0.35
56694.150069444 56694.255960648 0.86 0.35
56695.12511574 56695.253622685 0.52 0.31
56695.964155092 56696.255358796 1.14 0.31
56696.940868055 56697.256412037 3.26 0.40
56697.961377314 56698.252638888 2.82 0.40
56698.924131944 56699.22474537 1.47 0.49
56699.927835648 56700.223078703 1.28 0.61
56734.9253125 56735.086041666 0.18 0.58
56735.921296296 56736.114293981 0.47 0.41
56736.921331018 56737.042939814 0.44 0.32
56738.994259259 56739.042754629 1.45 0.38
56739.886192129 56740.147696759 0.92 0.34
56741.010648148 56741.177222222 5.17 0.47
56741.983391203 56742.044293981 0.54 0.35
56742.983090277 56743.126851851 0.95 0.25
56743.985625 56744.058032407 1.59 0.38
56745.972476851 56746.059641203 0.67 0.33
56750.986527777 56751.089039351 1.28 0.32
56751.985138888 56752.09130787 2.69 0.39
56753.981377314 56754.081724537 0.94 0.38
56754.982395833 56755.080104166 0.27 0.48
56755.931145833 56756.084328703 1.57 0.47
56802.896342592 56802.949074074 0.66 0.58
56803.89074074 56803.950856481 1.95 0.60
56804.889375 56804.941342592 0.55 0.63
56805.885208333 56805.950092592 0.74 0.54
56806.88037037 56806.948761574 1.29 0.56
56807.883831018 56807.943958333 -0.35 0.58
56808.880358796 56808.939050925 2.30 0.64
56809.879699074 56809.940891203 0.51 0.60
56810.880358796 56810.940520833 0.55 0.73
56813.88105324 56813.938020833 1.38 0.85
56814.881724537 56814.940046296 0.95 0.93
56815.883912037 56815.939965277 0.10 0.98
56816.886064814 56816.919340277 -1.46 1.23
56972.19074074 56972.2703125 7.59 1.26
56973.142094907 56973.271296296 2.07 1.11
56975.229918981 56975.267766203 0.22 1.05
56976.22761574 56976.26880787 0.35 0.89
56986.20292824 56986.270081018 3.43 0.61
56993.204305555 56993.264571759 5.44 0.65
56994.184525462 56994.275277777 8.76 0.63
57005.193703703 57005.235 1.03 0.89
57006.164004629 57006.258171296 5.29 0.83
57007.150775462 57007.264131944 6.34 0.57
57008.196087962 57008.2853125 4.16 0.55
57009.146261574 57009.271469907 7.19 0.49
57010.182337962 57010.287430555 6.15 0.50
57011.182442129 57011.285578703 3.36 0.44
57015.151724537 57015.2840625 1.10 0.36
57022.258680555 57022.293379629 2.45 0.66
57023.187974537 57023.29355324 3.24 0.56
57037.061145833 57037.291724537 2.48 0.32
57038.061574074 57038.291863425 2.61 0.29
57039.057650462 57039.294780092 2.19 0.28
57040.05511574 57040.294467592 3.44 0.29
57041.257164351 57041.293402777 3.29 0.76
57042.056215277 57042.292442129 3.25 0.29
57044.054826388 57044.08792824 5.11 0.93
57049.024270833 57049.273761574 2.21 0.29
57051.042662037 57051.29449074 1.31 0.31
57053.028900462 57053.291099537 0.90 0.37
57054.024247685 57054.289756944 1.20 0.46
57064.984918981 57065.234849537 4.60 0.40
57065.986631944 57066.229710648 4.30 0.37
57066.984108796 57067.230810185 2.89 0.32
57068.078449074 57068.229270833 2.60 0.36
57069.978611111 57070.221631944 2.11 0.30
57075.964872685 57076.219791666 1.81 0.28
57076.968275462 57077.173900462 1.09 0.30
57077.960972222 57078.128344907 1.34 0.35
57079.956770833 57080.126180555 1.47 0.44
57081.071886574 57081.210381944 1.57 0.58
57081.955219907 57082.211666666 1.27 0.58
57082.988356481 57083.209421296 2.02 0.52
57091.101331018 57091.173206018 3.84 1.40
57092.003958333 57092.174027777 4.00 0.55
57092.981736111 57093.156493055 4.99 0.46
57093.97224537 57094.126875 4.87 0.42
57094.968773148 57095.12818287 6.39 0.42
57095.968287037 57096.121840277 5.79 0.45
57096.960613425 57097.147129629 2.36 0.33
57097.96074074 57098.146759259 2.06 0.32
57098.960983796 57099.146087962 1.50 0.31
57108.065092592 57108.121319444 5.74 0.70
57108.997361111 57109.119050925 4.94 0.58
57109.961886574 57110.117766203 4.52 0.54
57110.922627314 57111.013657407 11.12 1.04
57111.915960648 57111.991238425 8.96 2.50
57113.060567129 57113.082881944 5.16 2.16
57119.932418981 57119.977141203 2.69 0.67
57120.918703703 57121.085034722 1.04 0.37
57121.923194444 57122.083935185 2.28 0.52
57122.916134259 57123.086203703 3.64 0.37
57123.908402777 57124.07443287 7.36 0.42
57124.9025 57125.076215277 6.58 0.41
57125.970601851 57126.030821759 2.29 0.51
57126.89912037 57127.065648148 0.72 0.27
57127.902743055 57128.065763888 1.53 0.30
57128.903472222 57129.062847222 3.23 0.34
57129.90417824 57130.064953703 1.37 0.33
57130.904201388 57131.063356481 1.31 0.31
57131.897824074 57132.057060185 3.04 0.35
57132.897916666 57133.052581018 5.05 0.39
57133.898912037 57134.054293981 4.66 0.39
57134.898460648 57135.052939814 4.02 0.38
57135.899375 57136.054004629 3.14 0.39
57136.860266203 57137.054293981 2.26 0.36
57140.866400462 57141.021805555 2.49 0.61
57141.864560185 57142.0234375 2.29 0.65
57142.86449074 57143.031921296 1.44 0.60
57148.866539351 57149.011134259 2.79 0.54
57149.867233796 57150.010486111 1.02 0.39
57150.867847222 57151.000289351 1.25 0.36
57151.868587962 57152.001087962 1.44 0.36
57160.873391203 57160.9678125 1.70 0.43
57162.874201388 57162.953460648 1.67 0.48
57177.897777777 57177.9534375 1.74 0.77
57181.88630787 57181.922905092 0.55 0.68
57182.906041666 57182.923599537 2.15 1.04
57183.884537037 57183.920925925 1.83 0.78
57184.883090277 57184.944791666 0.43 0.59
57185.883668981 57185.947696759 2.18 0.77
57187.883761574 57187.947731481 1.98 0.77
57188.885196759 57188.944907407 4.09 0.79
57189.884421296 57189.944837962 3.04 0.78
57190.884398148 57190.944976851 2.49 0.76
57191.88511574 57191.946666666 0.11 1.13
57192.885023148 57192.949143518 -0.77 0.72
57193.904328703 57193.949236111 1.00 1.12
57333.233206018 57333.268935185 0.48 0.92
57334.232592592 57334.269768518 2.50 0.97
57335.235555555 57335.269236111 1.17 1.13
57343.237048611 57343.272905092 2.15 0.96
57344.232442129 57344.273344907 0.27 0.72
57346.230925925 57346.271759259 0.42 0.83
57347.232430555 57347.272488425 0.21 0.62
57354.23011574 57354.276655092 -1.07 1.14
57356.17074074 57356.277592592 0.65 0.87
57358.178576388 57358.248125 -1.29 0.75
57359.172268518 57359.266747685 0.06 0.59
57365.157002314 57365.222824074 0.48 0.71
57366.151875 57366.279548611 0.97 0.49
57367.147893518 57367.28636574 0.12 0.32
57368.147627314 57368.285949074 0.89 0.36
57369.147719907 57369.286747685 2.69 0.39
57371.148611111 57371.287800925 3.88 0.40
57372.233379629 57372.284837962 2.61 0.57
57373.170601851 57373.284143518 7.69 0.63
57374.09730324 57374.287847222 1.98 0.34
57375.098020833 57375.2853125 2.78 0.36
57376.097824074 57376.115659722 3.46 1.57
57377.148796296 57377.28792824 2.68 0.37
57378.19792824 57378.28917824 2.38 0.40
57379.042581018 57379.289861111 1.51 0.58
57385.110902777 57385.293680555 2.40 0.67
57386.112523148 57386.292037037 5.09 0.67
57387.111736111 57387.292592592 6.87 0.62
57388.098877314 57388.293912037 4.73 0.50
57389.095960648 57389.291608796 1.91 0.44
57390.098101851 57390.292997685 2.58 0.37
57391.085219907 57391.294189814 3.20 0.43
57392.085914351 57392.27667824 2.22 0.30
57393.087951388 57393.291944444 2.25 0.29
57394.085648148 57394.294513888 2.83 0.30
57395.087974537 57395.292789351 1.89 0.29
57397.087789351 57397.294224537 3.17 0.31
57398.088206018 57398.293541666 2.50 0.30
57399.1084375 57399.292534722 1.89 0.85
57400.086354166 57400.291666666 3.75 0.36
57401.162465277 57401.294074074 2.65 0.67
57405.089351851 57405.291168981 1.98 0.32
57406.025601851 57406.293738425 3.25 0.35
57407.004502314 57407.292129629 3.37 0.42
57407.943055555 57408.291909722 0.97 0.59
57409.018310185 57409.295069444 1.64 1.07
57414.235752314 57414.29130787 -0.51 1.26
57416.002210648 57416.260902777 1.19 0.75
57417.046388888 57417.263414351 1.04 0.75
57419.025532407 57419.13099537 1.83 0.42
57421.011284722 57421.179351851 1.73 0.91
57422.007314814 57422.264340277 -0.29 0.27
57423.026331018 57423.258449074 0.24 0.22
57425.039953703 57425.245081018 0.70 0.26
57425.996863425 57426.246574074 0.89 0.54
57427.009942129 57427.219027777 0.74 0.60
57427.989895833 57428.246689814 0.48 0.27
57428.986504629 57429.242743055 0.65 0.26
57429.98636574 57430.239861111 0.31 0.23
57430.984236111 57431.237581018 0.01 0.23
57431.979282407 57432.236087962 0.40 0.24
57432.977800925 57433.231226851 0.97 0.27
57434.977638888 57435.173564814 0.98 0.39
57435.94630787 57436.189664351 0.28 0.44
57443.945752314 57443.971435185 1.90 2.43
57444.949872685 57445.02693287 -1.22 0.92
57446.94605324 57447.117314814 0.95 0.63
57447.939143518 57448.192777777 0.68 0.32
57448.957800925 57449.034571759 0.28 0.42
57451.935520833 57452.178136574 0.17 0.37
57452.922905092 57453.176157407 0.34 0.21
57453.937569444 57454.146550925 0.90 0.25
57454.916122685 57455.172986111 0.60 0.22
57455.918587962 57456.168518518 0.60 0.22
57456.910972222 57457.167476851 -0.25 0.20
57457.911076388 57458.1653125 0.74 0.26
57458.938090277 57459.147800925 0.31 0.40
57460.017048611 57460.157962962 0.41 0.29
57461.898738425 57462.155474537 0.63 0.27
57462.863206018 57463.099444444 -0.36 0.35
57463.89449074 57464.148969907 1.01 0.48
57464.892083333 57465.139652777 0.67 0.51
57465.889756944 57466.137326388 0.49 0.59
57473.846782407 57474.122627314 1.01 0.38
57474.846770833 57475.118668981 0.94 0.33
57475.847430555 57476.116956018 1.65 0.31
57476.848113425 57477.113692129 0.68 0.26
57478.849594907 57479.107210648 0.81 0.24
57479.84880787 57480.074409722 1.33 0.29
57480.849525462 57481.019930555 1.30 0.31
57481.850185185 57482.100462962 1.03 0.25
57482.851631944 57483.093379629 0.14 0.27
57483.850914351 57484.09042824 0.77 0.24
57484.851608796 57485.087546296 0.97 0.25
57486.852268518 57487.084618055 0.90 0.24
57487.852962962 57488.083900462 1.94 0.27
57488.853692129 57489.080034722 1.13 0.25
57489.854305555 57490.077754629 1.49 0.28
57490.857395833 57491.076238425 1.32 0.31
57491.854351851 57492.071261574 0.56 0.38
57493.856493055 57493.883796296 -1.49 1.53
57494.885775462 57495.015972222 2.98 0.79
57502.867662037 57503.032384259 1.01 0.46
57503.860613425 57504.041574074 2.29 0.45
57504.860567129 57505.042071759 1.25 0.36
57505.861319444 57505.886701388 4.50 0.99
57506.86230324 57507.026585648 3.19 0.35
57507.862696759 57508.027280092 2.98 0.35
57508.862673611 57509.027164351 5.17 0.39
57509.864236111 57509.985381944 4.18 0.42
57510.865856481 57511.018425925 2.52 0.37
57511.864756944 57512.018530092 1.73 0.31
57512.864733796 57513.015023148 1.05 0.30
57513.865416666 57514.001273148 0.60 0.29
57514.866134259 57515.009363425 1.11 0.33
57515.867523148 57515.968969907 1.00 0.38
57519.868888888 57519.993981481 1.75 0.43
57520.868900462 57520.990520833 1.04 0.48
57521.869606481 57521.984270833 0.27 0.58
57522.870300925 57522.980069444 -0.29 0.67
57523.924675925 57523.978368055 3.80 1.81
57524.878020833 57524.977581018 2.65 1.07
57532.875185185 57532.959340277 1.15 0.52
57533.87761574 57533.957939814 3.00 0.53
57534.875879629 57534.934965277 5.94 0.77
57535.8765625 57535.950023148 4.55 0.64
57536.87724537 57536.950497685 5.31 0.67
57537.878703703 57537.947152777 1.33 0.54
57538.87792824 57538.944074074 2.30 0.56
57539.878611111 57539.941076388 1.28 0.57
57540.878622685 57540.937627314 2.27 0.63
57541.881956018 57541.935949074 2.32 0.66
57542.879351851 57542.933460648 1.58 0.66
57543.885358796 57543.929826388 1.14 0.71
57544.880706018 57544.926435185 1.08 0.73
57545.881446759 57545.924027777 2.81 0.82
57546.882164351 57546.9196875 2.48 0.92
57547.881377314 57547.917280092 7.70 1.19
57548.882071759 57548.914583333 13.26 1.51
57549.8828125 57549.91099537 4.74 1.41
57550.882152777 57550.911157407 1.76 1.36
57551.882777777 57551.911759259 2.05 1.54
57552.88287037 57552.911840277 2.80 1.83
57553.884259259 57553.912581018 1.48 1.76
57554.883530092 57554.912569444 2.53 1.92
57555.883506944 57555.912453703 3.42 2.02
