54683 54686 10.56 2.7385
54686 54689 3.861 1.4741
54689 54692 6.236 2.034
54692 54695 9.197 2.2968
54695 54698 7.561 2.1809
54698 54701 8.336 2.0809
54701 54704 8.749 1.9393
54704 54707 9.419 1.961
54707 54710 15.56 2.2969
54710 54713 6.369 1.5948
54713 54716 8.761 1.6652
54716 54719 9.147 1.7799
54719 54722 6.821 1.5583
54722 54725 6.646 1.5404
54725 54728 3.988 1.2725
54728 54731 9.287 1.7965
54731 54734 6.101 1.5883
54734 54737 8.123 1.9367
54737 54740 3.615 1.3261
54740 54743 8.078 2.1385
54743 54746 7.811 2.109
54746 54749 5.072 1.7899
54749 54752 6.166 1.7554
54752 54755 8.127 1.9462
54755 54758 4.452 1.489
54758 54761 3.969 1.4033
54761 54764 8.594 1.7787
54764 54767 7.043 1.5623
54767 54770 6.311 1.4322
54770 54773 6.035 1.4675
54773 54776 6.631 1.4809
54776 54779 4.204 1.2441
54779 54782 5.453 1.3565
54782 54785 7.401 1.6867
54785 54788 4.3 1.4154
54788 54791 5.817 1.5886
54791 54794 3.584 1.5475
54794 54797 8.844 2.1158
54797 54800 7.383 1.9574
54800 54803 7.083 2.0219
54803 54806 6.876 1.789
54806 54809 10.18 2.2118
54809 54812 5.702 1.6501
54812 54815 8.203 1.8192
54815 54818 8.608 1.8039
54818 54821 8.464 1.6787
54821 54824 4.76 1.2215
54824 54827 5.481 1.3469
54827 54830 5.895 1.3649
54830 54833 3.294 1.197
54833 54836 7.757 1.6799
54836 54839 5.762 1.5306
54839 54842 8.562 1.8903
54842 54845 2.552 1.3284
54845 54848 4.287 1.5439
54848 54851 10.5 2.2366
54851 54854 6.054 1.9879
54854 54857 9.653 2.1588
54857 54860 5.261 1.8196
54860 54863 7.197 1.7649
54863 54866 5.749 1.9716
54866 54869 5.92 1.5213
54869 54872 7.091 1.5743
54872 54875 7.506 1.635
54875 54878 6.64 1.5055
54878 54881 6.369 1.4566
54881 54884 6.569 1.5713
54884 54887 3.37 1.105
54887 54890 6.424 1.5773
54890 54893 5.114 1.5395
54893 54896 8.464 1.8814
54896 54899 4.412 1.5916
54899 54902 6.401 2.2099
54908 54911 3.881 1.5395
54911 54914 4.846 1.517
54914 54917 5.218 1.6951
54917 54920 4.264 1.3943
54920 54923 6.962 1.711
54923 54926 2.523 1.0252
54926 54929 7.463 1.6079
54929 54932 6.122 1.4822
54932 54935 6.516 1.4655
54935 54938 7.346 1.5398
54938 54941 5.286 1.3465
54941 54944 8.35 1.7486
54944 54947 4.106 1.3904
54947 54950 8.649 1.9347
54950 54953 4.614 1.4679
54953 54956 4.091 1.6011
54956 54959 5.426 1.9701
54959 54962 3.976 1.6096
54962 54965 6.604 1.8887
54965 54968 10.67 2.1744
54968 54971 9.21 1.9802
54971 54974 11.26 2.0503
54974 54977 10.64 1.9363
54977 54980 7.348 1.58
54980 54983 8.376 1.6281
54983 54986 9.733 1.7502
54986 54989 10.04 1.7755
54989 54992 6.581 1.4426
54992 54995 10.44 1.8142
54995 54998 6.3 1.5643
54998 55001 8.234 1.729
55001 55004 6.38 1.7432
55004 55007 7.434 1.9091
55007 55010 9.041 2.2586
55010 55013 6.782 1.9544
55013 55016 11.87 2.6182
55016 55019 12.53 2.5476
55019 55022 4.128 1.4975
55022 55025 5.176 1.5566
55025 55028 6.533 1.7154
55028 55031 8.125 1.7575
55031 55034 7.093 1.6944
55034 55037 8.264 1.7044
55037 55040 6.345 1.4545
55040 55043 6.538 1.5626
55043 55046 4.054 1.1917
55046 55049 3.165 1.1877
55049 55052 7.238 1.7068
55052 55055 7.462 1.8152
55055 55058 7.19 1.7562
55058 55061 9.311 2.0826
55061 55064 6.277 1.9263
55064 55067 6.582 1.9124
55067 55070 8.262 2.1351
55070 55073 7.679 2.0319
55073 55076 5.696 1.6813
55076 55079 7.706 1.9127
55079 55082 4.184 1.3791
55082 55085 9.568 2.0938
55085 55088 6.134 1.7276
55088 55091 8.102 1.9353
55091 55094 8.533 2.0064
55094 55097 7.628 1.965
55097 55100 6.802 1.8983
55100 55103 9.52 2.1504
55103 55106 11.97 2.4022
55106 55109 10.92 2.1048
55109 55112 11.23 2.1116
55112 55115 5.135 1.6678
55115 55118 8.35 1.9208
55118 55121 13.06 2.3934
55121 55124 10.05 2.077
55124 55127 9.59 1.9724
55127 55130 8.16 1.8935
55130 55133 11.9 2.3431
55133 55136 9.743 2.0525
55136 55139 5.601 1.6971
55139 55142 8.875 2.0163
55142 55145 6.825 1.8822
55145 55148 5.32 1.6614
55148 55151 11.19 2.1918
55151 55154 5.574 1.6417
55154 55157 3.647 1.5325
55157 55160 11.27 2.1677
55160 55163 9.12 1.9054
55163 55166 6.046 1.6412
55166 55169 7.741 1.8693
55169 55172 12.64 2.3489
55172 55175 10.17 2.2635
55175 55178 7.175 1.7564
55178 55181 11.83 2.2355
55181 55184 9.858 2.0096
55184 55187 12.08 2.2326
55187 55190 11.97 2.3298
55190 55193 11.78 2.24
55193 55196 13.76 2.4931
55196 55199 13.19 2.3524
55199 55202 8.921 2.0068
55202 55205 13.99 2.4627
55205 55208 15.39 2.5413
55208 55211 9.444 2.0139
55211 55214 8.683 1.9052
55214 55217 5.143 1.4771
55217 55220 7.332 1.8952
55220 55223 9.005 1.8622
55223 55226 8.355 1.972
55226 55229 5.205 1.5487
55229 55232 6.982 1.7628
55232 55235 7.574 1.8682
55235 55238 7.89 1.7699
55238 55241 7.807 1.8383
55241 55244 16.79 2.6206
55244 55247 16.43 2.6644
55247 55250 8.797 2.0532
55250 55253 3.934 1.4243
55253 55256 7.752 1.8918
55256 55259 8.411 1.9517
55259 55262 5.808 1.5661
55262 55265 7.108 1.7561
55265 55268 6.916 1.8114
55268 55271 6.443 1.6419
55271 55274 6.712 1.6571
55274 55277 9.647 2.0829
55277 55280 7.658 1.9781
55280 55283 7.822 2.1109
55283 55286 7.349 1.8109
55286 55289 6.37 1.656
55289 55292 6.281 1.6241
55292 55295 6.063 1.7425
55295 55298 7.483 1.9293
55298 55301 5.697 1.5612
55301 55304 3.04 1.2975
55304 55307 6.203 1.701
55307 55310 8.211 1.8875
55310 55313 13.17 2.3445
55313 55316 15.41 2.476
55316 55319 13.06 2.247
55319 55322 9.265 1.9435
55322 55325 6.204 1.6144
55325 55328 10.48 2.2953
55328 55331 8.455 1.913
55331 55334 7.432 2.01
55334 55337 13.5 2.5602
55337 55340 4.385 1.4099
55340 55343 9.895 2.0166
55343 55346 8.676 1.904
55346 55349 6.435 1.6564
55349 55352 7.394 1.7654
55352 55355 6.994 1.7187
55355 55358 10.97 2.1636
55358 55361 6.102 1.7256
55361 55364 7.141 1.8051
55364 55367 12.3 2.2278
55367 55370 4.362 1.3855
55370 55373 7.996 1.9108
55373 55376 8.073 1.8623
55376 55379 9.086 2.0291
55379 55382 3.25 1.2777
55382 55385 7.144 1.756
55385 55388 7.75 2.095
55388 55391 13.38 2.4384
55391 55394 3.383 1.3148
55394 55397 3.283 1.1726
55397 55400 4.292 1.4847
55400 55403 4.194 1.3569
55403 55406 2.425 1.0457
55406 55409 3.339 1.3247
55409 55412 6.413 1.75
55412 55415 4.487 1.6492
55415 55418 1.535 0.96098
55418 55421 3.789 1.443
55421 55424 8.754 2.0166
55424 55427 4.035 1.56
55427 55430 6.144 1.6027
55430 55433 8.937 1.9357
55433 55436 5.518 1.5445
55436 55439 2.493 1.2309
55439 55442 6.048 1.8148
55442 55445 7.7 1.9502
55445 55448 4.035 1.4069
55448 55451 6.683 1.7094
55451 55454 2.678 1.0819
55454 55457 5.729 1.6266
55457 55460 8.191 2.0916
55460 55463 9.063 2.1376
55463 55466 6.763 1.9793
55466 55469 5.238 1.7008
55469 55472 11.21 2.2723
55472 55475 9.27 2.1171
55475 55478 10.53 2.1738
55478 55481 7.935 1.7714
55481 55484 10.16 2.2668
55484 55487 9.688 1.9294
55487 55490 12.78 2.3211
55490 55493 8.543 1.9086
55493 55496 12.48 2.478
55496 55499 8.577 1.93
55499 55502 7.434 1.7252
55502 55505 6.925 1.7825
55505 55508 7.361 1.824
55508 55511 7.005 1.757
55511 55514 9.134 2.0378
55514 55517 5.308 1.6873
55517 55520 6.63 1.7822
55520 55523 6.289 1.6718
55523 55526 6.791 1.8097
55526 55529 11.12 2.3021
55529 55532 5.255 1.5364
55532 55535 8.243 1.903
55535 55538 7.268 1.7462
55538 55541 8.932 1.9138
55541 55544 5.684 1.6125
55544 55547 6.863 1.8576
55547 55550 8.603 2.0093
55550 55553 4.681 1.5046
55553 55556 10.88 2.1246
55556 55559 12.04 2.3194
55559 55562 6.871 2.2297
55562 55565 9.044 2.3938
55565 55568 11.75 2.4061
55568 55571 6.901 1.8005
55571 55574 10.97 2.129
55574 55577 7.594 1.806
55577 55580 6.66 1.822
55580 55583 12.41 2.3397
55583 55586 12.75 2.2957
55586 55589 7.777 1.8429
55589 55592 4.739 1.3464
55592 55595 7.893 1.8382
55595 55598 8.589 1.9569
55598 55601 3.332 1.4129
55601 55604 6.533 1.7196
55604 55607 8.268 1.9358
55607 55610 5.958 1.7259
55610 55613 5.163 1.6095
55613 55616 7.759 1.8443
55616 55619 11.45 2.3551
55619 55622 11.95 2.2643
55622 55625 10.55 2.2451
55625 55628 12.28 2.3365
55628 55631 11.39 2.2476
55631 55634 9.763 2.0582
55634 55637 9.682 2.0067
55637 55640 9.854 2.0397
55640 55643 12.38 2.2692
55643 55646 10.96 2.2212
55646 55649 8.297 1.9756
55649 55652 6.847 1.7989
55652 55655 10.17 2.0995
55655 55658 8.901 2.0194
55658 55661 8.018 1.8192
55661 55664 9.477 2.0205
55664 55667 7.21 1.8974
55667 55670 6.625 2.544
55670 55673 6.632 2.0304
55673 55676 4.844 1.5258
55676 55679 5.182 1.5948
55679 55682 2.446 1.1777
55682 55685 5.034 1.6304
55685 55688 8.406 1.9838
55688 55691 6.556 1.7255
55691 55694 5.069 1.4972
55694 55697 8.411 1.8585
55697 55700 4.183 1.3831
55700 55703 7.064 1.7512
55703 55706 7.29 1.8787
55706 55709 6.443 1.7578
55709 55712 1.949 0.98669
55712 55715 3.597 1.325
55715 55718 4.614 1.4843
55718 55721 5.082 1.4932
55721 55724 2.974 1.2329
55724 55727 4.258 1.4431
55727 55730 3.37 1.4884
55730 55733 2.201 1.1461
55733 55736 7.211 1.8059
55736 55739 6.701 1.8741
55739 55742 6.58 1.7473
55742 55745 4.612 1.527
55745 55748 5.57 1.5746
55748 55751 9.069 1.9067
55751 55754 4.211 1.3757
55754 55757 9.405 1.9535
55757 55760 3.877 1.3986
55760 55763 1.82 1.1059
55763 55766 3.078 1.217
55766 55769 3.583 1.3137
55769 55772 6.528 1.6647
55772 55775 7.41 1.8196
55775 55778 7.421 1.9519
55778 55781 6.558 1.9308
55781 55784 4.744 1.5438
55784 55787 7.848 1.9767
55787 55790 9.49 2.0535
55790 55793 6.647 1.8933
55793 55796 6.363 1.6982
55796 55799 6.222 1.7776
55799 55802 7.767 1.9159
55802 55805 5.503 1.5593
55805 55808 4.507 1.5336
55808 55811 11.25 2.5161
55811 55814 10.21 1.6571
55814 55817 11.39 2.0231
55817 55820 9.741 2.153
55820 55823 8.134 1.8395
55823 55826 6.886 1.7969
55826 55829 8.117 1.9785
55829 55832 11.03 2.26
55832 55835 6.826 1.7352
55835 55838 7.21 1.862
55838 55841 7.515 1.861
55841 55844 7.26 1.7328
55844 55847 8.671 1.8586
55847 55850 6.729 1.6567
55850 55853 8.492 1.9687
55853 55856 5.439 1.6811
55856 55859 12.81 2.1671
55859 55862 7.203 1.7677
55862 55865 9.754 2.0747
55865 55868 9.643 2.1283
55868 55871 12.96 2.3423
55871 55874 7.513 1.8752
55874 55877 9.361 1.9512
55877 55880 10.05 2.0008
55880 55883 9.25 1.9814
55883 55886 6.106 1.6113
55886 55889 5.838 1.6249
55889 55892 6.054 1.5536
55892 55895 5.326 1.5694
55895 55898 7.136 1.7306
55898 55901 8.295 1.7757
55901 55904 5.633 1.5479
55904 55907 3.112 1.1596
55907 55910 4.622 1.4846
55910 55913 4.878 1.4225
55913 55916 7.381 1.8531
55916 55919 3.528 1.3438
55919 55922 8.045 1.9689
55922 55925 4.842 1.7104
55925 55928 6.388 1.6295
55928 55931 5.308 1.4718
55931 55934 5.973 1.5284
55934 55937 6.128 1.6239
55937 55940 5.709 1.5822
55940 55943 5.576 1.5479
55943 55946 3.732 1.3512
55946 55949 7.772 1.7934
55949 55952 4.088 1.4337
55952 55955 3.98 1.5792
55955 55958 7.264 1.8942
55958 55961 6.706 1.7913
55961 55964 6.598 1.7856
55964 55967 5.37 1.5852
55967 55970 6.094 1.7363
55970 55973 2.427 1.1433
55973 55976 6.605 1.8173
55976 55979 6.235 1.7288
55979 55982 9.606 2.1488
55982 55985 3.011 1.2381
55985 55988 4.583 1.4885
55988 55991 4.754 1.5841
55991 55994 8.066 1.9504
55994 55997 9.459 1.7334
55997 56000 11.94 2.2574
56000 56003 10.48 2.2157
56003 56006 8.877 2.0672
56006 56009 9.014 2.0877
56009 56012 4.057 1.4243
56012 56015 12.08 2.2528
56015 56018 9.608 1.9523
56018 56021 8.956 1.9673
56021 56024 7.365 1.7663
56024 56027 3.602 1.4528
56027 56030 5.506 1.5413
56030 56033 7.756 1.8522
56033 56036 8.472 1.9139
56036 56039 8.172 1.8406
56039 56042 6.151 1.6909
56042 56045 10.04 2.1142
56045 56048 9.674 2.1289
56048 56051 11.6 2.3162
56051 56054 9.567 2.0266
56054 56057 6.256 1.7817
56057 56060 8.441 1.9849
56060 56063 6.572 1.8187
56063 56066 6.977 1.7954
56066 56069 8.202 1.8483
56069 56072 9.069 1.9542
56072 56075 9.865 2.0065
56075 56078 10.8 2.1495
56078 56081 13.04 2.3775
56081 56084 8.1 1.9663
56084 56087 9.396 1.8962
56087 56090 8.405 1.8347
56090 56093 9.924 2.0328
56093 56096 9.888 2.0302
56096 56099 10.58 2.1745
56099 56102 7.504 1.8147
56102 56105 14.73 2.3998
56105 56108 13.24 2.468
56108 56111 15.15 2.6314
56111 56114 14.16 2.5376
56114 56117 14.11 2.7002
56117 56120 24.34 3.1558
56120 56123 29.36 3.3511
56123 56126 40.2 3.7872
56126 56129 18.7 2.7919
56129 56132 18.58 2.8
56132 56135 22.79 3.0923
56135 56138 29.08 3.4541
56138 56141 23.81 2.9381
56141 56144 18.36 2.6276
56144 56147 23.09 2.9545
56147 56150 24.69 3.1777
56150 56153 34.87 3.8482
56153 56156 35.13 3.7498
56156 56159 30.19 3.5745
56159 56162 30.32 3.5123
56162 56165 30.34 3.5449
56165 56168 33.73 3.8069
56168 56171 16.68 2.7385
56171 56174 22.42 3.0681
56174 56177 22.08 3.0218
56177 56180 20.82 2.8742
56180 56183 19.41 2.8545
56183 56186 14.76 2.6903
56186 56189 13.84 2.5492
56189 56192 12.32 2.525
56192 56195 7.403 1.8036
56195 56198 6.502 1.6455
56198 56201 13.69 2.9564
56201 56204 5.958 1.7774
56204 56207 8.859 2.108
56207 56210 7.84 1.8573
56210 56213 5.095 1.5661
56213 56216 2.441 1.2152
56216 56219 5.139 1.4851
56219 56222 5.33 1.5377
56222 56225 6.771 1.7258
56225 56228 9.931 1.9604
56228 56231 13.59 2.2576
56231 56234 11.68 2.0383
56234 56237 12.69 2.3145
56237 56240 12.88 2.3862
56240 56243 10.79 2.1901
56243 56246 20.17 3.0108
56246 56249 13.33 2.2733
56249 56252 16.2 2.454
56252 56255 13.74 2.3231
56255 56258 12.06 2.1632
56258 56261 8.992 1.8953
56261 56264 12.26 2.1145
56264 56267 14.42 2.36
56267 56270 14.64 2.3083
56270 56273 13.1 2.1943
56273 56276 8.599 1.9778
56276 56279 9.862 1.9666
56279 56282 11.53 2.5921
56282 56285 9.319 1.8666
56285 56288 10.55 2.0858
56288 56291 13.09 2.3575
56291 56294 11.8 2.2905
56294 56297 14.67 2.6144
56297 56300 13.74 2.3858
56300 56303 9.098 2.0857
56303 56306 12.22 2.1394
56306 56309 8.465 1.9412
56309 56312 9.918 2.0568
56312 56315 8.868 2.1015
56315 56318 4.282 1.4187
56318 56321 11.48 2.1675
56321 56324 8.716 2.0342
56324 56327 12.96 2.3721
56327 56330 9.044 2.0687
56330 56333 10.24 2.1781
56333 56336 9.37 1.9325
56336 56339 7.983 1.8773
56339 56342 9.177 1.9417
56342 56345 9.633 2.1229
56345 56348 13.52 2.6085
56348 56351 5.787 1.7919
56351 56354 11.43 2.2938
56354 56357 23.76 3.0452
56357 56360 25.83 3.3219
56360 56363 19.32 2.7873
56363 56366 13.29 2.5056
56366 56369 12.36 2.3668
56369 56372 17.15 2.6671
56372 56375 13.33 2.4665
56375 56378 18.57 2.8755
56378 56381 14.44 2.6175
56381 56384 24.84 3.2277
56384 56387 14.34 2.5231
56387 56390 18.04 2.6296
56390 56393 25.1 3.0674
56393 56396 23.36 2.9574
56396 56399 26.1 2.7586
56399 56402 17.1 2.8074
56402 56405 19.62 2.755
56405 56408 8.911 1.8739
56408 56411 15.93 2.4468
56411 56414 22.6 2.956
56414 56417 14.45 2.5482
56417 56420 18.19 2.7744
56420 56423 16.13 2.7872
56423 56426 12.46 2.3686
56426 56429 11.32 2.0162
56429 56432 14.76 1.9434
56432 56435 7.542 1.856
56435 56438 16.62 2.6032
56438 56441 11.16 2.0877
56441 56444 14.4 2.3228
56444 56447 11.16 2.1088
56447 56450 17.76 2.7485
56450 56453 14.91 2.5678
56453 56456 17.56 2.7643
56456 56459 13.78 2.3861
56459 56462 16.58 2.5269
56462 56465 14.47 2.2533
56465 56468 15.79 2.3637
56468 56471 17.37 2.5212
56471 56474 12 2.2633
56474 56477 20.08 3.1119
56477 56480 7.501 1.8853
56480 56483 18.96 2.977
56483 56486 14.12 2.6537
56486 56489 8.54 2.0222
56489 56492 18.66 2.9203
56492 56495 9.588 1.9767
56495 56498 8.904 2.0124
56498 56501 9.198 1.8726
56501 56504 14 2.4326
56504 56507 9.159 2.1422
56507 56510 13.28 2.6418
56510 56513 16.79 2.4792
56513 56516 19.17 2.7114
56516 56519 13.97 2.3197
56519 56522 21.72 3.3371
56522 56525 14.88 2.9744
56525 56528 16.69 3.0302
56528 56531 15.65 2.6927
56531 56534 7.763 1.9005
56534 56537 15.96 2.6715
56537 56540 9.585 2.1364
56540 56543 15.38 2.5832
56543 56546 10.94 2.13
56546 56549 11.1 2.0729
56549 56552 10.82 2.1424
56552 56555 11.16 2.2553
56555 56558 10.23 2.234
56558 56561 10.93 2.3529
56561 56564 4.951 1.6488
56564 56567 9.827 2.0673
56567 56570 12.27 2.2489
56570 56573 8.278 1.8973
56573 56576 9.97 2.1268
56576 56579 11.29 2.3365
56579 56582 9.831 2.0965
56582 56585 4.568 1.4071
56585 56588 3.785 1.411
56588 56591 3.555 1.2558
56591 56594 7.204 2.3453
56594 56597 12.99 2.3581
56597 56600 9.605 1.8975
56600 56603 11.65 2.0684
56603 56606 9.105 1.6335
56606 56609 10.12 2.0832
56609 56612 8.258 1.9124
56612 56615 8.582 2.0605
56615 56618 8.297 1.9419
56618 56621 7.392 1.7587
56621 56624 10.19 2.0505
56624 56627 4.296 1.4264
56627 56630 4.472 1.3392
56630 56633 8.244 2.2004
56633 56636 7.027 3.2546
56636 56639 9.895 2.6813
56639 56642 6.889 2.4973
56642 56645 13.69 4.1219
56645 56648 8.202 2.1954
56648 56651 3.71 1.4484
56651 56654 7.937 1.9425
56654 56657 8.728 2.0996
56657 56660 8.09 1.9973
56660 56663 10.35 2.3699
56663 56666 11.38 2.9789
56666 56669 14.39 3.6028
56669 56672 5.483 2.3693
56672 56675 3.342 1.8229
56675 56678 9.734 2.6187
56678 56681 9.662 2.6718
56681 56684 10 1.5122
56684 56687 9.067 1.5429
56687 56690 8.379 1.5241
56690 56693 9.675 1.713
56693 56696 8.721 2.2356
56696 56699 9.346 2.2427
56699 56702 13.09 2.6046
56702 56705 14.34 2.6429
56705 56708 9.646 2.117
56708 56711 4.882 1.7732
56711 56714 14.47 2.6273
56717 56720 12.86 3.1289
56720 56723 5.955 2.3071
56723 56726 14.21 3.0875
56726 56729 14.86 2.8098
56729 56732 10.1 2.5917
56732 56735 8.225 2.4162
56735 56738 9.39 2.4235
56738 56741 11.22 2.5085
56741 56744 13.43 2.6641
56744 56747 8.803 2.2044
56747 56750 9.502 1.587
56750 56753 13.51 2.1307
56753 56756 24.96 3.4234
56756 56759 16.23 2.7727
56759 56762 13.54 2.5207
56762 56765 17.35 2.7936
56765 56768 13.9 2.6448
56768 56771 16.39 3.1701
56771 56774 17.87 2.7757
56774 56777 24.23 3.104
56777 56780 15.21 2.4892
56780 56783 15.39 2.3673
56783 56786 11.3 2.1556
56786 56789 8.349 1.9214
56789 56792 9.975 2.0067
56792 56795 10.22 2.1615
56795 56798 10.23 2.1869
56798 56801 13.3 2.4584
56801 56804 13.49 2.57
56804 56807 12.42 2.3919
56807 56810 5.512 1.9361
56810 56813 13.89 3.0579
56813 56816 7.081 2.4406
56816 56819 6.658 2.3616
56819 56822 7.344 2.5814
56822 56825 4.558 2.667
56825 56828 5.897 2.3819
56828 56831 4.179 1.3167
56831 56834 7.62 2.4413
56834 56837 8.701 2.1013
56837 56840 8.946 1.933
56840 56843 5.154 1.5948
56843 56846 4.929 1.5711
56846 56849 9.635 2.2046
56849 56852 6.743 1.8759
56852 56855 15.73 2.8808
56855 56858 9.14 2.2703
56858 56861 9.892 2.3257
56861 56864 7.21 2.2073
56864 56867 9.328 2.3507
56867 56870 10.33 2.2397
56870 56873 5.84 1.7956
56873 56876 4.102 1.6117
56882 56885 2.06 1.5406
56894 56897 2.698 1.503
56897 56900 3.166 1.4957
56900 56903 3.394 1.4458
56903 56906 5.188 1.7166
56906 56909 8.408 2.0651
56909 56912 9.194 2.1494
56912 56915 10.2 2.2955
56915 56918 7.351 1.9637
56918 56921 8.552 2.023
56921 56924 12.62 2.424
56924 56927 13.86 2.5699
56927 56930 11.96 2.6579
56930 56933 14.55 3.3979
56933 56936 12.91 3.248
56936 56939 10.86 2.7953
56939 56942 9.348 2.4626
56942 56945 11.86 2.9293
56945 56948 11.66 2.8826
56948 56951 12.9 2.8159
56951 56954 20.4 3.2569
56954 56957 12.12 2.7748
56957 56960 11.56 2.4735
56960 56963 5.511 1.7821
56963 56966 8.323 2.2229
56966 56969 7.718 2.0174
56969 56972 9.442 2.1138
56972 56975 14.27 2.5731
56975 56978 11.03 2.2046
56978 56981 16.24 3.0766
56981 56984 13.52 2.9461
56984 56987 17.78 3.7351
56987 56990 13.07 3.1938
56990 56993 15.52 3.128
56993 56996 19.47 3.0997
56996 56999 11.53 2.1711
56999 57002 14.18 2.2859
57002 57005 12.6 2.157
57005 57008 13.08 2.2201
57008 57011 10.57 2.0173
57011 57014 14.86 2.31
57014 57017 9.356 1.9506
57017 57020 12.21 2.1371
57020 57023 12.32 2.2411
57023 57026 9.19 1.9175
57026 57029 9.806 2.0036
57029 57032 4.423 1.372
57032 57035 4.565 1.4844
57035 57038 9.95 2.2011
57038 57041 10.48 2.1937
57041 57044 6.863 1.6708
57044 57047 6.098 1.5439
57047 57050 5.244 1.5368
57050 57053 8.946 1.9003
57053 57056 6.697 2.1294
57056 57059 5.571 1.6843
57059 57062 4.982 1.593
57062 57065 7.837 1.8952
57065 57068 7.624 1.9246
57068 57071 11.5 2.3205
57071 57074 6.67 1.7716
57074 57077 6.283 1.6805
57077 57080 5.421 1.5258
57080 57083 4.787 1.5045
57083 57086 5.71 1.5771
57086 57089 12.02 2.2929
57089 57092 12.39 2.3842
57092 57095 11.31 2.1743
57095 57098 14.71 2.4118
57098 57101 6.322 1.908
57101 57104 9.723 2.4937
57104 57107 8.819 2.3458
57107 57110 10.11 2.3119
57110 57113 6.639 1.8867
57113 57116 11.52 2.491
57116 57119 9.101 2.0816
57119 57122 11.33 2.2555
57122 57125 13.46 2.4117
57125 57128 9.206 2.006
57128 57131 7.761 1.8638
57131 57134 8.221 1.8263
57134 57137 7.437 1.7875
57137 57140 10.36 2.0948
57140 57143 12.75 2.3851
57143 57146 13.64 2.4245
57146 57149 10.57 2.0093
57149 57152 7.975 1.8283
57152 57155 5.619 1.5811
57155 57158 5.234 1.5042
57158 57161 4.891 1.5077
57161 57164 7.632 1.9415
57164 57167 4.308 1.4889
57167 57170 6.421 1.7283
57170 57173 9.428 2.0194
57173 57176 11.82 2.2769
57176 57179 10.75 2.1666
57179 57182 8.504 1.9836
57182 57185 6.936 1.7596
57185 57188 11.26 2.1133
57188 57191 14.6 2.322
57191 57194 14.07 2.4379
57194 57197 15.92 2.7087
57197 57200 11.97 2.2928
57200 57203 12.32 2.2282
57203 57206 11.27 2.1021
57206 57209 15.99 2.5385
57209 57212 11.04 2.1958
57212 57215 11.24 2.1724
57215 57218 10.99 2.3138
57218 57221 12.42 2.2953
57221 57224 10.71 2.2163
57224 57227 10.56 2.214
57227 57230 12.52 2.3677
57230 57233 12.36 2.309
57233 57236 7.671 1.7795
57236 57239 16.11 2.4887
57239 57242 9.106 1.9199
57242 57245 9.658 2.0129
57245 57248 17.52 2.7168
57248 57251 14.92 2.5205
57251 57254 15.82 2.6146
57254 57257 10.33 2.0623
57257 57260 11.9 2.1497
57260 57263 6.705 1.7388
57263 57266 8.376 1.9596
57266 57269 6.198 1.7706
57269 57272 9.149 2.094
57272 57275 6.098 1.7355
57275 57278 7.53 1.7813
57278 57281 10.78 2.2165
57281 57284 8.65 2.0617
57284 57287 7.645 1.7643
57287 57290 10.13 2.047
57290 57293 6.714 1.6471
57293 57296 8.406 1.8165
57296 57299 9.838 2.1145
57299 57302 8.575 1.9706
57302 57305 10.8 2.2885
57305 57308 9.44 2.0691
57308 57311 7.651 1.8378
57311 57314 6.382 1.6834
57314 57317 5.998 1.7164
57317 57320 7.684 1.9436
57320 57323 6.273 1.6213
57323 57326 7.56 1.7965
57326 57329 3.791 1.2871
57329 57332 6.18 1.5596
57332 57335 4.378 1.3766
57335 57338 6.125 1.6003
57338 57341 6.14 1.5684
57341 57344 6.51 1.5931
57344 57347 5.736 1.545
57347 57350 6.906 1.6421
57350 57353 6.202 1.7014
57353 57356 4.945 1.5835
57356 57359 6.035 1.6198
57359 57362 8.517 1.8421
57362 57365 5.778 1.5584
57365 57368 8.759 1.8531
57368 57371 6.855 1.6299
57371 57374 10.84 2.0791
57374 57377 9.676 1.9386
57377 57380 8.988 1.8465
57380 57383 7.369 1.7302
57383 57386 18.53 2.4912
57386 57389 12.36 2.2125
57389 57392 13.26 2.3018
57392 57395 15 2.3273
57395 57398 11.99 2.6344
57398 57401 10.85 2.8131
57401 57404 12.22 2.1971
57404 57407 9.341 2.1091
57407 57410 15.28 2.6604
57410 57413 13.99 2.4693
57413 57416 6.923 1.9117
57416 57419 9.506 1.9862
57419 57422 9.309 1.9185
57422 57425 1.364 0.9356
57425 57428 5.445 1.5589
57428 57431 7.317 1.8025
57431 57434 11.87 2.2224
57434 57437 5.158 1.5698
57437 57440 6.295 1.8091
57440 57443 15.32 2.5534
57443 57446 10.81 2.2024
57446 57449 9.411 2.0016
57449 57452 7.359 1.7731
57452 57455 5.937 1.5761
57455 57458 8.291 1.9548
57458 57461 6.194 1.7129
57461 57464 4.851 1.5729
57464 57467 3.706 1.366
57467 57470 3.916 1.3321
57470 57473 6.458 1.6528
57473 57476 7.523 1.8556
57476 57479 8.367 2.0308
57479 57482 6.071 1.791
57482 57485 5.052 1.569
57485 57488 2.752 1.2062
57488 57491 5.452 1.6489
57491 57494 2.879 1.2627
57494 57497 5.15 1.5764
57497 57500 5.491 1.6687
57500 57503 6.953 1.8053
57503 57506 8.188 1.7763
57506 57509 7.868 1.8267
57509 57512 10.61 2.1969
57512 57515 8.097 1.9981
57515 57518 3.391 1.298
57518 57521 8.251 1.7253
57521 57524 7.723 1.7295
57524 57527 10.92 2.2054
57527 57530 11.32 2.1929
57530 57533 10.86 2.1905
57533 57536 7.632 1.9332
57536 57539 10.13 2.0269
57539 57542 4.462 1.4868
57542 57545 9.918 2.1572
57545 57548 14.23 2.4947
57548 57551 14.64 2.5157
57551 57554 9.54 2.0124
57554 57557 9.494 2.1791
57557 57560 9.125 2.1002
57560 57563 6.447 1.8616
57563 57566 8.837 2.5615
57566 57569 6.095 1.7827
57569 57572 9.29 2.0333
57572 57575 8.021 1.8691
57575 57578 8.213 1.8018
57578 57581 4.199 1.4357
57581 57584 5.473 1.6501
57584 57587 8.798 2.0493
57587 57590 6.502 1.9332
57590 57593 6.935 1.9737
57593 57596 7.752 1.8892
57596 57599 4.712 1.5783
57599 57602 6.711 1.8382
