#from 2007-2009 paper:
54166.900000 54166.900000 3.63669e-11 1.2409e-11
54170.900000 54170.900000 1.14394e-10 1.77794e-11
54204.900000 54204.900000 1.58e-10 1.8633e-11
54211.900000 54211.900000 1.04288e-10 1.59584e-11
54224.900000 54224.900000 1.05346e-10 2.65906e-11
54232.900000 54232.900000 6.8314e-11 1.75521e-11
54437.9914163 54437.9914163 2.59691e-10 1.53584e-11
# 2008 paper: Giacomo
54438.2 54438.2 2.59791e-10 1.36771e-11
54439.2 54439.2 2.75055e-10 1.42708e-11
54441.2 54441.2 2.24231e-10 1.44656e-11
54442.2 54442.2 2.9123e-10 1.97501e-11
54443.2 54443.2 2.67956e-10 1.87669e-11
54444.2 54444.2 8.34064e-11 1.3419e-11
54445.3 54445.3 4.08741e-11 2.24538e-11
54446.3 54446.3 1.82711e-10 4.15274e-11
54447.3 54447.3 1.80816e-10 4.20701e-11
54448.3 54448.3 2.72081e-10 3.61837e-11
54449.3 54449.3 1.9372e-10 3.78094e-11
54450.3 54450.3 1.66001e-10 3.69831e-11
54451.3 54451.3 1.11094e-10 3.17119e-11
54466.1 54466.1 2.41303e-10 1.75282e-11
54467.2 54467.2 3.29484e-10 8.55883e-12
54468.1 54468.1 1.76712e-10 2.0216e-11
54469.1 54469.1 3.1265e-10 1.0834e-11
54470.1 54470.1 3.11074e-10 1.31161e-11
54471.1 54471.1 2.92605e-10 2.38384e-11
54472.2 54472.2 1.24766e-10 9.61172e-12
54473.2 54473.2 2.25934e-10 9.90516e-12
54474.2 54474.2 2.093e-10 8.04437e-12
54475.2 54475.2 2.51832e-10 1.38962e-11
54476.2 54476.2 1.51099e-10 1.91382e-11
54477.2 54477.2 2.95072e-10 2.40586e-11
54478.3 54478.3 3.24345e-10 1.86631e-11
54479.2 54479.2 3.7428e-10 2.77859e-11
54480.2 54480.2 3.80546e-10 1.49117e-11
54481.2 54481.2 3.98432e-10 1.06372e-11
54482.2 54482.2 3.3145e-10 1.26238e-11
54483.2 54483.2 1.28323e-10 1.19556e-11
54484.3 54484.3 1.86181e-10 1.47428e-11
54494 54494 2.86152e-10 1.84745e-11
54498 54498 3.81566e-10 2.0894e-11
54500.1 54500.1 4.21455e-10 2.391e-11
54501 54501 3.3035e-10 2.06793e-11
54502.1 54502.1 4.99405e-10 9.90111e-12
54504.1 54504.1 2.75848e-10 1.79411e-11
54507.1 54507.1 4.59282e-10 2.20363e-11
54526 54526 2.50394e-10 2.92795e-11
54527 54527 1.76752e-10 1.95923e-11
54530 54530 2.295e-10 2.42096e-11
54533 54533 3.22467e-10 2.11196e-11
54535.9 54535.9 2.85909e-10 1.59248e-11
54537 54537 1.9692e-10 1.16197e-11
54553.9 54553.9 4.05391e-10 6.1623e-11
54554.9 54554.9 3.09201e-10 5.81982e-11
54555.9 54555.9 6.84223e-10 1.3904e-11
54557.1 54557.1 3.28789e-10 4.29234e-11
54557.9 54557.9 2.32783e-10 2.53107e-11
54559 54559 2.66111e-10 1.81728e-11
54560 54560 3.9677e-10 1.91511e-11
54561 54561 3.01776e-10 2.93388e-11
54561.9 54561.9 4.36943e-10 2.41751e-11
54568.1 54568.1 9.77515e-11 2.3647e-11
54589.9 54589.9 3.14152e-10 2.07705e-11
54590.9 54590.9 3.9727e-10 1.47795e-11
54592.9 54592.9 2.2017e-10 1.17188e-11
54596 54596 2.21418e-10 2.53073e-11
54608.9 54608.9 4.16338e-10 2.10221e-11
54610.9 54610.9 3.12056e-10 3.46194e-11
54612.9 54612.9 6.6699e-10 4.48154e-11
54613.9 54613.9 3.73807e-10 3.97297e-11
54614.9 54614.9 3.96651e-10 4.55234e-11
54619.9 54619.9 3.70083e-10 3.45008e-11
54621.9 54621.9 6.36085e-10 1.93964e-11
54622.9 54622.9 6.6208e-10 2.10022e-11
54623.9 54623.9 5.4117e-10 4.3957e-11
54624.9 54624.9 4.08491e-10 2.17297e-11
#from 2007-2009 paper:
54800.200000 54800.200000 1.56522e-10 2.45984e-11
54802.200000 54802.200000 1.74795e-10 2.34404e-11
54804.200000 54804.200000 1.75221e-10 1.96719e-11
54805.200000 54805.200000 2.24382e-10 1.88183e-11
54835.300000 54835.300000 2.3866e-10 5.25182e-11
#From 2009 paper:
54977.156250 54977.215280 6.92549e-11 2.99431e-11
54976.156940 54976.215280 3.69237e-11 2.77387e-11
54975.156250 54975.214580 1.29325e-10 2.99431e-11
54968.145830 54968.230560 3.23312e-11 1.3851e-11
54967.151390 54967.231250 1.01586e-10 2.53506e-11
54966.153470 54966.233330 6.92549e-11 2.53506e-11
54965.152080 54965.231940 8.32161e-11 2.53506e-11
54964.145140 54964.246530 1.24732e-10 2.77387e-11
54948.180560 54948.301390 1.31713e-10 2.07581e-11
54947.173610 54947.298610 1.36305e-10 2.07581e-11
54945.137500 54945.297220 8.32161e-11 1.85537e-11
54944.137500 54944.310420 1.40898e-10 1.85537e-11
54942.190970 54942.291670 8.54205e-11 2.07581e-11
54941.195830 54941.315280 1.15547e-10 1.85537e-11
54940.184720 54940.324310 9.69936e-11 1.61656e-11
54939.134030 54939.319440 9.0013e-11 1.85537e-11
54938.133330 54938.313190 1.2014e-10 2.07581e-11
54937.131940 54937.323610 1.08567e-10 2.07581e-11
54934.140970 54934.225000 1.77822e-10 2.99431e-11
54922.318060 54922.365280 3.23312e-11 2.99431e-11
54921.273610 54921.376390 9.46055e-11 2.77387e-11
54920.240280 54920.342360 1.61656e-10 2.53506e-11
54918.179170 54918.408330 4.84968e-11 1.61656e-11
54916.178470 54916.379170 1.03974e-10 1.61656e-11
54911.232640 54911.381250 1.06179e-10 2.31462e-11
54909.187500 54909.356250 7.84399e-11 2.31462e-11
54908.162500 54908.332640 1.17752e-10 3.23312e-11
54907.198610 54907.275690 1.17752e-10 3.23312e-11
54906.187500 54906.283330 1.54675e-10 2.31462e-11
54893.340280 54893.420140 1.10771e-10 2.53506e-11
54892.313190 54892.392360 1.24732e-10 2.53506e-11
54891.293750 54891.415280 9.93817e-11 2.07581e-11
54889.249310 54889.371530 1.22344e-10 2.31462e-11
54888.282640 54888.410420 1.4549e-10 2.53506e-11
54884.262500 54884.336110 1.2014e-10 1.85537e-11
54883.261110 54883.403470 1.40898e-10 2.07581e-11
54882.279860 54882.375000 1.87374e-10 2.53506e-11
54881.273610 54881.437500 1.75434e-10 1.85537e-11
54879.284030 54879.000000 1.68637e-10 2.77387e-11
54867.453470 54867.514580 6.70505e-11 3.47193e-11
54866.406250 54866.486810 1.24732e-10 2.77387e-11
54865.363890 54865.484720 1.13159e-10 2.31462e-11
54864.366670 54864.445830 2.49832e-10 3.23312e-11
54863.372220 54863.486110 1.96559e-10 2.77387e-11
54862.337500 54862.541670 2.09418e-10 1.85537e-11
54860.344440 54860.532640 1.59268e-10 2.31462e-11
54859.341670 54859.533330 1.3851e-10 2.53506e-11
54858.390970 54858.436810 9.69936e-11 3.23312e-11
54856.332640 54856.493750 1.40898e-10 2.31462e-11
54851.352080 54851.370830 7.1643e-11 3.93118e-11
#From 2010 Feb. paper:
55232.06005787	55232.06884259    1.912e-10	6.37334e-11
55234.18972219	55234.21805559    1.93694e-10	1.3002e-11
55237.03612269	55237.04739583    2.63359e-10	2.50305e-11
55238.08024304	55238.11614584    1.72231e-10	1.3341e-11
55240.02880787	55240.03758101    1.59507e-10	2.41416e-11
#From 2010 March paper:
5.526896e+04 5.526896e+04 3.303e-10 3.158e-11
5.527294e+04 5.527294e+04 1.531e-10 2.022e-11
5.527599e+04 5.527599e+04 1.564e-10 1.400e-11
5.527706e+04 5.527706e+04 1.245e-10 9.795e-12
5.527393e+04 5.527393e+04 9.944e-11 2.550e-11
5.526599e+04 5.526599e+04 4.684e-10 1.523e-11
5.526497e+04 5.526497e+04 3.795e-10 1.833e-11
5.526796e+04 5.526796e+04 2.066e-10 2.497e-11
5.526995e+04 5.526995e+04 2.490e-10 2.127e-11
#inst1/2013
56302.1 56302.2 5.7e-11 4e-12
56307.2 56307.3 1.04e-10 9e-12
56310.2 56310.3 3.7e-11 5e-12
56312.1 56312.3 3.9e-11 4e-12
56316.2 56316.3 8.1e-11 9e-12
56327.1 56327.1 3.4e-10 2e-11
56333.1 56333.1 1.6e-10 1e-11
56335 56335.2 2.05e-10 7e-12
56340.2 56340.2 1e-10 1e-11
56362.1 56362.1 2.07e-10 1.4e-11
56363.1 56363.1 2e-10 1e-11
#inst1/2015
57037.122187 57037.122187 1.90961e-10 1.00042e-11
57039.179181 57039.179181 2.11692e-10 7.19416e-12
57045.236851 57045.236851 2.46905e-10 1.04611e-11
57049.01 57049.01 1.75906e-10 6.27853e-12
57066.113028 57066.113028 2.18901e-10 1.13149e-11
57068.220778 57068.220778 1.77027e-10 1.74131e-11
57076.212813 57076.212813 1.61683e-10 9.85222e-12
57077.153373 57077.153373 1.09775e-10 1.22853e-11
57082.179719 57082.179719 1.36823e-10 8.65867e-12
57091.983614 57091.983614 2.76119e-10 1.23204e-11
57094.014095 57094.014095 3.53008e-10 1.08021e-11
57108.032971 57108.032971 3.63128e-10 1.35596e-11
57118.898997 57118.898997 1.59671e-10 9.74769e-12
57119.939627 57119.939627 1.50989e-10 1.21634e-11
57120.959134 57120.959134 1.21988e-10 7.18303e-12
57123.031786 57123.031786 2.58326e-10 1.06333e-11
57128.018806 57128.018806 1.25678e-10 8.14067e-12
57132.870117 57132.870117 3.78487e-10 1.5756e-11
57134.925472 57134.925472 3.08982e-10 1.10232e-11
57137.010511 57137.010511 1.42901e-10 8.05297e-12
57148.924990 57148.924990 2.06534e-10 1.20414e-11
57149.961887 57149.961887 1.12255e-10 8.72311e-12
57164.955224 57164.955224 6.58514e-11 5.86463e-12
57165.888205 57165.888205 1.59457e-10 8.62424e-12
57166.916833 57166.916833 9.22048e-11 1.21121e-11
57167.899028 57167.899028 1.16774e-10 1.01222e-11
57177.902631 57177.902631 2.69094e-10 1.63821e-11
57178.953283 57178.953283 1.23841e-10 1.53636e-11
57192.926602 57192.926602 1.24373e-10 1.72941e-11
57193.906585 57193.906585 1.05442e-10 7.29293e-12
57194.927332 57194.927332 4.09042e-11 1.01442e-11
57373.231916 57373.231916 4.27829e-10 2.62105e-11
57374.206427 57374.206427 2.48856e-10 1.95559e-11
57390.122721 57390.122721 2.68151e-10 1.80556e-11
57391.170225 57391.170225 2.85797e-10 2.86934e-11
57392.157357 57392.157357 3.60441e-10 1.40162e-11
57394.189252 57394.189252 3.28416e-10 9.95764e-12
57398.182547 57398.182547 3.0979e-10 1.9313e-11
57400.142918 57400.142918 4.59713e-10 1.89775e-11
57404.183767 57404.183767 2.29598e-10 1.66546e-11
57408.189713 57408.189713 1.9924e-10 1.1895e-11
57418.030453 57418.030453 2.01656e-10 1.08053e-11
57422.178805 57422.178805 3.19564e-11 6.14123e-12
57425.200207 57425.200207 5.97783e-11 5.5251e-12
57430.165588 57430.165588 7.52022e-11 8.85568e-12
57436.152465 57436.152465 1.2488e-10 9.98567e-12
57453.057666 57453.057666 5.24735e-11 6.16167e-12
57458.904123 57458.904123 6.83968e-11 1.31655e-11
57460.980743 57460.980743 1.13876e-10 8.23613e-12
57461.989374 57461.989374 7.61288e-11 5.98348e-12
57463.064429 57463.064429 5.5954e-11 5.78009e-12
57473.927163 57473.927163 9.80163e-11 8.48923e-12
57482.040023 57482.040023 9.13629e-11 7.04818e-12
57487.970070 57487.970070 1.4769e-10 1.3078e-11
57489.877826 57489.877826 9.12243e-11 5.8804e-12
57491.937697 57491.937697 7.97092e-11 7.21529e-12
57503.950309 57503.950309 1.79066e-10 1.06824e-11
57504.986779 57504.986779 1.27054e-10 9.45234e-12
57508.887749 57508.887749 2.44209e-10 8.55171e-12
57509.943404 57509.943404 2.72075e-10 1.65874e-11
57513.932199 57513.932199 6.16948e-11 8.64136e-12
57532.912201 57532.912201 1.74716e-10 1.11357e-11
