54103.8375 54103.8375 0.32 0.07
54120.6993056 54120.6993056 0.42 0.07
54122.7256944 54122.7256944 0.39 0.13
54125.0152778 54125.0152778 0.49 0.07
54128.66875 54128.66875 0.41 0.07
54129.7326389 54129.7326389 0.28 0.06
54130.7305556 54130.7305556 0.35 0.09
54137.6895833 54137.6895833 0.49 0.09
54139.7215278 54139.7215278 0.34 0.08
54143.65 54143.65 0.45 0.08
54152.6708333 54152.6708333 0.47 0.09
54153.6798611 54153.6798611 0.38 0.08
54155.7111111 54155.7111111 0.5 0.07
54156.7041667 54156.7041667 0.57 0.08
54173.6729167 54173.6729167 0.49 0.08
54179.5416667 54179.5416667 0.41 0.08
54186.6020833 54186.6020833 0.29 0.06
54187.5680556 54187.5680556 0.53 0.09
54191.5520833 54191.5520833 0.4 0.08
54192.5881944 54192.5881944 0.48 0.13
54200.5840278 54200.5840278 0.43 0.09
54212.7611111 54212.7611111 0.51 0.06
54219.7909722 54219.7909722 0.38 0.13
54225.5090278 54225.5090278 0.37 0.1
54227.7722222 54227.7722222 0.35 0.09
54246.6777778 54246.6777778 0.24 0.08
54252.6645833 54252.6645833 0.41 0.08
54263.6506944 54263.6506944 0.58 0.09
54264.6583333 54264.6583333 0.37 0.08
54272.6243056 54272.6243056 0.44 0.08
54282.5958333 54282.5958333 0.7 0.08
54294.5798611 54294.5798611 0.51 0.09
54298.5388889 54298.5388889 0.34 0.09
54305.5284722 54305.5284722 0.31 0.12
54307.2618056 54307.2618056 0.45 0.13
54310.5215278 54310.5215278 0.31 0.17
54316.1868056 54316.1868056 0.32 0.15
54327.4416667 54327.4416667 0.36 0.13
54333.4333333 54333.4333333 0.33 0.12
54336.4659722 54336.4659722 0.49 0.1
54340.4166667 54340.4166667 0.34 0.11
54369.3388889 54369.3388889 0.32 0.16
54393.9993056 54393.9993056 0.59 0.13
54395.9479167 54395.9479167 0.32 0.1
54398.0222222 54398.0222222 0.31 0.12
54421.1777778 54421.1777778 0.31 0.11
54447.8291667 54447.8291667 0.42 0.11
54451.1138889 54451.1138889 0.39 0.1
54451.8111111 54451.8111111 0.41 0.12
54454.8527778 54454.8527778 0.07 0.15
54469.1298611 54469.1298611 0.45 0.14
54488.7319444 54488.7319444 0.32 0.16
54491.7125 54491.7125 0.54 0.1
54504.6597222 54504.6597222 0.46 0.13
54504.7229167 54504.7229167 0.15 0.08
54507.9402778 54507.9402778 0.12 0.13
54508.0006944 54508.0006944 0.42 0.16
54508.6680556 54508.6680556 0.36 0.13
54509.65 54509.65 0.34 0.2
54510.9923611 54510.9923611 0.24 0.18
54511.6965278 54511.6965278 0.6 0.16
54513.63125 54513.63125 0.49 0.14
54515.6583333 54515.6583333 0.52 0.09
54573.7798611 54573.7798611 0.5 0.14
54581.4555556 54581.4555556 0.22 0.13
54582.5041667 54582.5041667 0.18 0.15
54584.7708333 54584.7708333 0.3 0.1
54589.5006944 54589.5006944 0.22 0.13
54602.7263889 54602.7263889 0.34 0.08
54606.7152778 54606.7152778 0.46 0.08
54607.7194444 54607.7194444 0.46 0.07
54608.4277778 54608.4277778 0.15 0.14
54608.7173611 54608.7173611 0.41 0.09
54609.6680556 54609.6680556 0.42 0.06
54610.3666667 54610.3666667 0.15 0.15
54612.6993056 54612.6993056 0.48 0.07
54622.3951389 54622.3951389 0.34 0.09
54633.4375 54633.4375 0.22 0.13
54645.2840278 54645.2840278 0.36 0.14
54676.5243056 54676.5243056 0.57 0.09
54685.1659722 54685.1659722 0.38 0.15
54739.0055556 54739.0055556 0.39 0.09
54776.9444444 54776.9444444 0.5 0.08
54814.9104167 54814.9104167 0.47 0.09
54824.7895833 54824.7895833 0.22 0.12
54827.7993056 54827.7993056 0.5 0.1
54830.7875 54830.7875 0.34 0.09
54831.7944444 54831.7944444 0.35 0.15
54832.7583333 54832.7583333 0.43 0.09
54838.7722222 54838.7722222 0.36 0.1
54854.9972222 54854.9972222 0.43 0.09
54859.7104167 54859.7104167 0.16 0.09
54860.6916667 54860.6916667 0.12 0.11
54862.6909722 54862.6909722 0.34 0.08
54863.7291667 54863.7291667 0.2 0.08
54864.6694444 54864.6694444 0.4 0.09
54865.6715278 54865.6715278 0.04 0.09
54865.9840278 54865.9840278 0.34 0.09
54866.7416667 54866.7416667 0.55 0.15
54871.6548611 54871.6548611 0.15 0.08
54873.7409722 54873.7409722 0.23 0.09
54876.6333333 54876.6333333 0.46 0.08
54877.9819444 54877.9819444 0.51 0.08
54878.6875 54878.6875 0.24 0.11
54880.6333333 54880.6333333 0.16 0.08
54885.6354167 54885.6354167 0.38 0.11
54887.6222222 54887.6222222 0.4 0.09
54895.5951389 54895.5951389 0.25 0.08
54896.7298611 54896.7298611 0.39 0.07
54897.8277778 54897.8277778 0.32 0.06
54898.5694444 54898.5694444 0.39 0.1
54909.5631944 54909.5631944 0.42 0.1
54911.64375 54911.64375 0.29 0.08
54932.5131944 54932.5131944 0.23 0.08
54937.7166667 54937.7166667 0.34 0.07
54942.7520833 54942.7520833 0.49 0.07
54949.5347222 54949.5347222 0.36 0.08
54963.8340278 54963.8340278 0.28 0.06
54967.3743056 54967.3743056 0.4 0.16
54982.3548611 54982.3548611 0.33 0.08
55005.5784722 55005.5784722 0.41 0.05
55012.2798611 55012.2798611 0.35 0.14
55013.3791667 55013.3791667 0.42 0.07
55023.3173611 55023.3173611 0.45 0.06
55028.55 55028.55 0.46 0.07
55037.5333333 55037.5333333 0.53 0.11
55048.2159722 55048.2159722 0.41 0.13
55100.3409722 55100.3409722 0.44 0.12
55106.2902778 55106.2902778 0.31 0.11
55143.0659722 55143.0659722 0.39 0.16
55144.0256944 55144.0256944 0.16 0.15
55147.9277778 55147.9277778 0.25 0.16
55149.2326389 55149.2326389 0.41 0.13
55167.8631944 55167.8631944 0.44 0.08
55172.8340278 55172.8340278 0.28 0.1
55178.1798611 55178.1798611 0.4 0.12
55180.0763889 55180.0763889 0.53 0.11
55180.1395833 55180.1395833 0.45 0.09
55180.8048611 55180.8048611 0.47 0.09
55181.1236111 55181.1236111 0.43 0.07
55189.7909722 55189.7909722 0.41 0.08
55564.7743056 55564.7743056 0.57 0.06
55564.8208333 55564.8208333 0.5 0.07
55575.7194444 55575.7194444 0.39 0.11
55576.7958333 55576.7958333 0.35 0.08
55586.7875 55586.7875 0.21 0.11
55587.7805556 55587.7805556 0.3 0.08
55589.7284722 55589.7284722 0.38 0.1
55591.6541667 55591.6541667 0.36 0.08
55592.9756944 55592.9756944 0.51 0.06
55594.9569444 55594.9569444 0.53 0.06
55601.7138889 55601.7138889 0.48 0.07
55604.9097222 55604.9097222 0.6 0.07
55613.6159722 55613.6159722 0.59 0.1
55614.5972222 55614.5972222 0.37 0.08
55615.6534722 55615.6534722 0.51 0.07
55615.8881944 55615.8881944 0.49 0.06
55616.5993056 55616.5993056 0.49 0.1
55619.5979167 55619.5979167 0.5 0.1
55619.9131944 55619.9131944 0.74 0.07
55626.5909722 55626.5909722 0.5 0.12
55626.6340278 55626.6340278 0.45 0.08
55627.5527778 55627.5527778 0.51 0.09
55628.8333333 55628.8333333 0.44 0.09
55632.6520833 55632.6520833 0.5 0.05
55633.6138889 55633.6138889 0.42 0.08
55634.825 55634.825 0.7 0.13
55635.5923611 55635.5923611 0.39 0.07
55637.8861111 55637.8861111 0.58 0.07
55638.5659722 55638.5659722 0.41 0.09
55640.5034722 55640.5034722 0.58 0.07
55650.5666667 55650.5666667 0.27 0.08
55665.7604167 55665.7604167 0.53 0.06
55666.7729167 55666.7729167 0.62 0.11
55667.7465278 55667.7465278 0.52 0.12
55668.7430556 55668.7430556 0.44 0.09
55669.76875 55669.76875 0.44 0.09
55694.44375 55694.44375 0.27 0.1
55696.4319444 55696.4319444 0.5 0.21
55699.4479167 55699.4479167 0.5 0.18
55700.6777778 55700.6777778 0.46 0.09
55702.3590278 55702.3590278 0.17 0.12
55703.3479167 55703.3479167 0.35 0.09
55703.7055556 55703.7055556 0.42 0.05
55708.6527778 55708.6527778 0.63 0.07
55710.6430556 55710.6430556 0.34 0.11
55712.6180556 55712.6180556 0.57 0.07
55713.6333333 55713.6333333 0.46 0.11
55714.63125 55714.63125 0.52 0.07
55715.3208333 55715.3208333 0.32 0.17
55717.4090278 55717.4090278 0.43 0.09
55718.4006944 55718.4006944 0.29 0.2
55719.6229167 55719.6229167 0.53 0.08
55725.5972222 55725.5972222 0.42 0.13
55734.6097222 55734.6097222 0.44 0.07
55740.5951389 55740.5951389 0.5 0.06
55741.5006944 55741.5006944 0.46 0.11
55743.6006944 55743.6006944 0.4 0.08
55744.3423611 55744.3423611 0.25 0.15
55746.2965278 55746.2965278 0.13 0.11
55747.5430556 55747.5430556 0.34 0.09
55748.5506944 55748.5506944 0.5 0.06
55749.5423611 55749.5423611 0.37 0.06
55750.5638889 55750.5638889 0.44 0.06
55752.3090278 55752.3090278 0.15 0.13
55760.1993056 55760.1993056 0.3 0.17
55763.5118056 55763.5118056 0.33 0.05
55769.4875 55769.4875 0.31 0.06
55776.5145833 55776.5145833 0.44 0.08
55777.4861111 55777.4861111 0.58 0.15
55780.5118056 55780.5118056 0.36 0.08
55783.4798611 55783.4798611 0.34 0.09
55790.4444444 55790.4444444 0.23 0.11
55792.2180556 55792.2180556 0.37 0.07
55800.0701389 55800.0701389 0.33 0.08
55813.10625 55813.10625 0.45 0.08
55814.1701389 55814.1701389 0.41 0.1
55815.1166667 55815.1166667 0.16 0.13
55815.3034722 55815.3034722 0.48 0.08
55822.3472222 55822.3472222 0.42 0.12
55823.05 55823.05 0.55 0.19
55859.9305556 55859.9305556 0.29 0.06
55860.9131944 55860.9131944 0.32 0.13
55863.1798611 55863.1798611 0.53 0.16
55885.1708333 55885.1708333 0.38 0.06
55890.9145833 55890.9145833 0.58 0.15
55897.9236111 55897.9236111 0.32 0.09
55900.1513889 55900.1513889 0.47 0.06
55906.09375 55906.09375 0.37 0.07
55906.85625 55906.85625 0.26 0.09
55911.9006944 55911.9006944 0.43 0.16
55915.875 55915.875 0.29 0.21
55919.7965278 55919.7965278 0.32 0.08
55920.0222222 55920.0222222 0.51 0.06
55936.7583333 55936.7583333 0.41 0.11
55937.7805556 55937.7805556 0.33 0.08
55944.7506944 55944.7506944 0.38 0.17
55953.7583333 55953.7583333 0.42 0.06
55955.0097222 55955.0097222 0.43 0.06
55955.9201389 55955.9201389 0.53 0.07
55957.7159722 55957.7159722 0.44 0.07
55964.6708333 55964.6708333 0.31 0.12
55965.6555556 55965.6555556 0.48 0.14
55965.7222222 55965.7222222 0.36 0.09
55966.9743056 55966.9743056 0.42 0.08
55968.6763889 55968.6763889 0.18 0.11
55972.7298611 55972.7298611 0.40 0.09
55975.6138889 55975.6138889 0.51 0.20
55975.8888889 55975.8888889 0.25 0.12
55977.6347222 55977.6347222 0.31 0.11
55988.8958333 55988.8958333 0.55 0.14
55990.5486111 55990.5486111 0.44 0.07
55991.9083333 55991.9083333 0.46 0.08
55994.6729167 55994.6729167 0.33 0.05
55998.6069444 55998.6069444 0.28 0.20
56000.8604167 56000.8604167 0.49 0.06
56002.5638889 56002.5638889 0.20 0.09
56006.5784722 56006.5784722 0.48 0.15
56006.8076389 56006.8076389 0.53 0.10
56007.5944444 56007.5944444 0.41 0.09
56009.5701389 56009.5701389 0.44 0.12
56011.575 56011.575 0.31 0.07
56016.7875 56016.7875 0.41 0.06
56017.5458333 56017.5458333 0.12 0.07
56020.8472222 56020.8472222 0.43 0.17
56022.7881944 56022.7881944 0.57 0.13
56023.7486111 56023.7486111 0.53 0.06
56025.5597222 56025.5597222 0.49 0.07
56029.5409722 56029.5409722 0.43 0.19
56032.4506944 56032.4506944 0.36 0.09
56035.7826389 56035.7826389 0.58 0.08
56038.4493056 56038.4493056 0.60 0.17
56039.7777778 56039.7777778 0.63 0.08
56040.4756944 56040.4756944 0.39 0.10
56047.4034722 56047.4034722 0.53 0.09
56049.7284722 56049.7284722 0.55 0.08
56051.4166667 56051.4166667 0.59 0.17
56052.7861111 56052.7861111 0.55 0.08
56060.3819444 56060.3819444 0.24 0.19
56061.7236111 56061.7236111 0.35 0.06
56066.4402778 56066.4402778 0.48 0.13
56067.4486111 56067.4486111 0.56 0.11
56069.4680556 56069.4680556 0.11 0.09
56070.6847222 56070.6847222 0.59 0.06
56076.4319444 56076.4319444 0.20 0.13
56076.6680556 56076.6680556 0.46 0.08
56078.7118056 56078.7118056 0.39 0.07
56086.3611111 56086.3611111 0.31 0.11
56088.6263889 56088.6263889 0.76 0.12
56091.6722222 56091.6722222 0.57 0.09
56093.3173611 56093.3173611 0.44 0.10
56098.5506944 56098.5506944 0.76 0.09
56107.3215278 56107.3215278 0.55 0.19
56107.5638889 56107.5638889 0.58 0.06
56116.4763889 56116.4763889 0.45 0.13
56118.5027778 56118.5027778 0.61 0.15
56127.4777778 56127.4777778 0.55 0.14
56128.4951389 56128.4951389 0.55 0.18
56129.1847222 56129.1847222 0.48 0.09
56136.1423611 56136.1423611 0.52 0.07
56145.1416667 56145.1416667 0.65 0.10
56149.4833333 56149.4833333 0.64 0.10
56150.1833333 56150.1833333 0.48 0.15
56151.2069444 56151.2069444 0.44 0.11
56154.4472222 56154.4472222 0.72 0.08
56162.4826389 56162.4826389 0.65 0.07
56165.3604167 56165.3604167 0.87 0.15
56174.4013889 56174.4013889 0.69 0.11
56176.3895833 56176.3895833 0.91 0.20
56185.3611111 56185.3611111 1.11 0.19
56186.1416667 56186.1416667 1.04 0.20
56186.3659722 56186.3659722 1.43 0.26
56195.0645833 56195.0645833 1.03 0.20
56199.0513889 56199.0513889 0.75 0.07
56202.0534722 56202.0534722 1.16 0.22
56202.1076389 56202.1076389 0.87 0.15
56203.0729167 56203.0729167 0.52 0.16
56203.1006944 56203.1006944 0.74 0.12
56204.0145833 56204.0145833 0.92 0.12
56204.0395833 56204.0395833 0.66 0.11
56204.2840278 56204.2840278 0.80 0.13
56206.9923611 56206.9923611 0.85 0.11
56210.05625 56210.05625 0.58 0.15
56220.0458333 56220.0458333 0.62 0.08
56222.2847222 56222.2847222 0.54 0.11
56227.9666667 56227.9666667 0.52 0.08
56229.0020833 56229.0020833 0.50 0.05
56244.2291667 56244.2291667 0.11 0.12
56247.2104167 56247.2104167 -0.21 -0.14
56247.9381944 56247.9381944 0.50 0.15
56248.9645833 56248.9645833 0.59 0.14
56254.9486111 56254.9486111 0.54 0.10
56255.1791667 56255.1791667 0.40 0.08
56257.8270833 56257.8270833 0.81 0.12
56262.15 56262.15 0.95 0.15
56263.8923611 56263.8923611 0.47 0.07
56269.83125 56269.83125 0.49 0.10
56270.8881944 56270.8881944 0.64 0.10
56283.7958333 56283.7958333 0.61 0.10
56284.7666667 56284.7666667 0.39 0.13
56290.0513889 56290.0513889 0.62 0.06
56262.15 56262.15 0.95 0.15
56263.8923611 56263.8923611 0.47 0.07
56269.83125 56269.83125 0.49 0.10
56270.8881944 56270.8881944 0.64 0.10
56283.7958333 56283.7958333 0.61 0.10
56284.7666667 56284.7666667 0.39 0.13
56290.0513889 56290.0513889 0.62 0.06
56297.06875 56297.06875 0.65 0.12
56298.8305556 56298.8305556 0.54 0.05
56304.8076389 56304.8076389 0.59 0.05
56305.7298611 56305.7298611 0.74 0.17
56307.03125 56307.03125 0.79 0.06
56313.7152778 56313.7152778 0.58 0.17
56316.75 56316.75 0.61 0.08
56317.7388889 56317.7388889 0.43 0.07
56319.9430556 56319.9430556 0.73 0.11
56324.7694444 56324.7694444 0.53 0.06
56330.7097222 56330.7097222 0.51 0.09
56330.9743056 56330.9743056 0.69 0.12
56336.6520833 56336.6520833 0.34 0.17
56337.7020833 56337.7020833 0.67 0.19
56339.69375 56339.69375 0.37 0.15
56344.6347222 56344.6347222 0.39 0.09
56346.6034722 56346.6034722 0.48 0.09
56352.6708333 56352.6708333 0.31 0.16
56354.6715278 56354.6715278 0.47 0.06
56355.9041667 56355.9041667 0.62 0.14
56356.8590278 56356.8590278 0.77 0.13
56357.8402778 56357.8402778 0.66 0.09
56357.91875 56357.91875 0.67 0.06
56364.8319444 56364.8319444 0.63 0.07
56367.90625 56367.90625 0.73 0.07
56368.6423611 56368.6423611 0.50 0.06
56369.6152778 56369.6152778 0.37 0.12
56370.8805556 56370.8805556 0.65 0.09
56372.8527778 56372.8527778 0.66 0.06
56373.7958333 56373.7958333 0.59 0.05
56374.5090278 56374.5090278 0.41 0.06
56375.8284722 56375.8284722 0.62 0.06
56376.5229167 56376.5229167 0.55 0.09
56379.5833333 56379.5833333 0.54 0.07
56379.7840278 56379.7840278 0.54 0.08
56380.5291667 56380.5291667 0.55 0.08
56380.7888889 56380.7888889 0.58 0.08
56381.5673611 56381.5673611 0.44 0.07
56381.8006944 56381.8006944 0.55 0.07
56382.5597222 56382.5597222 0.43 0.07
56382.7659722 56382.7659722 0.68 0.07
56383.4868056 56383.4868056 0.43 0.06
56384.8597222 56384.8597222 0.57 0.08
56386.4916667 56386.4916667 0.47 0.07
56387.5805556 56387.5805556 0.35 0.08
56388.4840278 56388.4840278 0.48 0.06
56390.4902778 56390.4902778 0.63 0.12
56390.5597222 56390.5597222 0.54 0.08
56391.5104167 56391.5104167 0.62 0.08
56392.5166667 56392.5166667 0.39 0.09
56392.8298611 56392.8298611 0.52 0.06
56393.4479167 56393.4479167 0.67 0.16
56393.5319444 56393.5319444 0.41 0.19
56394.5097222 56394.5097222 0.23 0.10
56394.7673611 56394.7673611 0.70 0.17
56396.4847222 56396.4847222 0.63 0.08
56396.7881944 56396.7881944 0.64 0.07
56398.5277778 56398.5277778 0.41 0.07
56399.5555556 56399.5555556 0.55 0.11
56399.7368056 56399.7368056 0.54 0.06
56400.7625 56400.7625 0.82 0.20
56402.5381944 56402.5381944 0.68 0.18
56402.7263889 56402.7263889 0.60 0.07
56403.5277778 56403.5277778 0.57 0.11
56403.7555556 56403.7555556 0.69 0.07
56407.4826389 56407.4826389 0.51 0.16
56410.7409722 56410.7409722 0.86 0.09
56412.7513889 56412.7513889 0.41 0.08
56413.4743056 56413.4743056 0.27 0.11
56414.4659722 56414.4659722 0.40 0.16
56415.6777778 56415.6777778 0.72 0.07
56417.71875 56417.71875 0.74 0.09
56419.7506944 56419.7506944 0.60 0.07
56424.4631944 56424.4631944 0.72 0.06
56429.6673611 56429.6673611 0.71 0.12
56432.6402778 56432.6402778 0.73 0.08
56436.7118056 56436.7118056 0.69 0.14
56439.6354167 56439.6354167 0.64 0.06
56440.6347222 56440.6347222 0.71 0.07
56441.6548611 56441.6548611 0.75 0.11
56442.6104167 56442.6104167 0.85 0.06
56443.3243056 56443.3243056 0.50 0.12
56444.4326389 56444.4326389 0.88 0.15
56449.5583333 56449.5583333 0.92 0.08
56449.6423611 56449.6423611 0.80 0.07
56598.9736111 56598.9736111 0.68 0.09
56612.2548611 56612.2548611 0.69 0.09
56613.91875 56613.91875 0.43 0.06
56613.9645833 56613.9645833 0.50 0.05
56618.9402778 56618.9402778 0.42 0.07
56619.1194444 56619.1194444 0.60 0.07
56620.9256944 56620.9256944 0.45 0.05
56630.1284722 56630.1284722 0.62 0.11
56630.9208333 56630.9208333 0.49 0.07
56633.9236111 56633.9236111 0.28 0.07
56635.1104167 56635.1104167 0.60 0.07
56635.8638889 56635.8638889 0.32 0.10
56649.8069444 56649.8069444 0.67 0.12
56659.3291667 56659.3291667 0.73 0.19
56659.7472222 56659.7472222 0.58 0.10
56665.3236111 56665.3236111 0.31 0.09
56672.0534722 56672.0534722 0.43 0.06
56679.7263889 56679.7263889 0.53 0.10
56683.7048611 56683.7048611 0.30 0.09
56686.7583333 56686.7583333 0.58 0.13
56691.7368056 56691.7368056 0.48 0.11
56696.9354167 56696.9354167 0.40 0.15
56701.6777778 56701.6777778 0.15 0.09
56713.5930556 56713.5930556 0.30 0.08
56716.6631944 56716.6631944 0.49 0.08
56717.8708333 56717.8708333 0.55 0.10
56718.8694444 56718.8694444 0.48 0.15
56728.5958333 56728.5958333 0.28 0.08
56729.6381944 56729.6381944 0.39 0.10
56730.5430556 56730.5430556 0.21 0.07
56732.5416667 56732.5416667 0.49 0.08
56737.8034722 56737.8034722 0.50 0.06
56744.5194444 56744.5194444 0.43 0.09
56746.3326389 56746.3326389 0.59 0.07
56746.5243056 56746.5243056 0.60 0.12
56747.4951389 56747.4951389 0.43 0.12
56752.3194444 56752.3194444 0.58 0.06
56753.7909722 56753.7909722 0.49 0.10
56755.5048611 56755.5048611 0.39 0.08
56756.3256944 56756.3256944 0.46 0.06
56756.5541667 56756.5541667 0.53 0.09
56759.5104167 56759.5104167 0.39 0.16
56762.3125 56762.3125 0.26 0.09
56763.8041667 56763.8041667 0.50 0.07
56766.4486111 56766.4486111 0.44 0.08
56766.7506944 56766.7506944 0.56 0.06
56769.7618056 56769.7618056 0.51 0.16
56770.5284722 56770.5284722 0.40 0.10
56775.7944444 56775.7944444 0.49 0.08
56776.7277778 56776.7277778 0.44 0.06
56777.7048611 56777.7048611 0.49 0.08
56777.7708333 56777.7708333 0.53 0.07
56778.7090278 56778.7090278 0.28 0.05
56778.7888889 56778.7888889 0.55 0.07
56779.7194444 56779.7194444 0.53 0.06
56779.7708333 56779.7708333 0.50 0.07
56780.4215278 56780.4215278 0.30 0.17
56780.6902778 56780.6902778 0.53 0.07
56780.7673611 56780.7673611 0.50 0.10
56783.7340278 56783.7340278 0.51 0.07
56787.425 56787.425 0.31 0.15
56788.3784722 56788.3784722 0.11 0.13
56789.6756944 56789.6756944 0.59 0.05
56790.4708333 56790.4708333 0.34 0.16
56791.6798611 56791.6798611 0.45 0.18
56793.6986111 56793.6986111 0.51 0.08
56797.7055556 56797.7055556 0.50 0.15
56798.6590278 56798.6590278 0.38 0.10
56799.6888889 56799.6888889 0.65 0.05
56800.7138889 56800.7138889 0.43 0.09
56807.3923611 56807.3923611 0.14 0.13
56814.3315972 56814.3315972 0.44 0.11
56815.3893866 56815.3893866 0.46 0.16
56816.3277662 56816.3277662 0.44 0.17
56830.369294 56830.369294 0.34 0.09
56835.5776157 56835.5776157 0.65 0.08
56836.5477894 56836.5477894 0.46 0.07
56838.2733449 56838.2733449 0.40 0.15
56843.3171644 56843.3171644 0.51 0.09
56845.5445602 56845.5445602 0.62 0.07
56848.5580208 56848.5580208 0.53 0.07
56849.5181366 56849.5181366 0.47 0.08
56851.5568866 56851.5568866 0.51 0.13
56854.560162 56854.560162 0.49 0.08
56855.5093056 56855.5093056 0.59 0.08
56856.2306134 56856.2306134 0.40 0.12
56857.2995949 56857.2995949 0.38 0.13
56857.5303935 56857.5303935 0.68 0.08
56858.4927431 56858.4927431 0.42 0.07
56859.2890625 56859.2890625 0.13 0.16
56860.5181597 56860.5181597 0.58 0.08
56863.5006134 56863.5006134 0.53 0.07
56864.5130208 56864.5130208 0.48 0.06
56865.2097222 56865.2097222 0.41 0.09
56865.4657639 56865.4657639 0.51 0.10
56868.5055787 56868.5055787 0.33 0.14
56869.5283102 56869.5283102 0.58 0.11
56878.1476505 56878.1476505 0.80 0.07
56881.4941088 56881.4941088 0.82 0.13
56899.4190856 56899.4190856 0.81 0.07
56905.098287 56905.098287 0.47 0.08
56906.1725694 56906.1725694 0.65 0.11
56907.0659375 56907.0659375 0.50 0.11
56907.1590162 56907.1590162 0.70 0.15
56912.3357639 56912.3357639 0.65 0.07
56924.3060185 56924.3060185 0.84 0.16
56935.272338 56935.272338 0.34 0.15
56936.0766667 56936.0766667 0.51 0.14
56940.9998032 56940.9998032 0.52 0.16
56943.2720139 56943.2720139 0.63 0.16
56945.9714468 56945.9714468 0.36 0.13
56952.188912 56952.188912 0.89 0.18
56954.1914815 56954.1914815 0.68 0.15
56962.2292824 56962.2292824 0.67 0.07
56966.9664931 56966.9664931 0.51 0.17
56971.187963 56971.187963 0.41 0.15
56972.9403009 56972.9403009 0.45 0.08
56973.9204977 56973.9204977 0.40 0.10
56974.953669 56974.953669 0.38 0.15
56976.9745023 56976.9745023 0.53 0.08
56977.9590625 56977.9590625 0.68 0.13
56978.2342824 56978.2342824 0.70 0.15
56978.871794 56978.871794 0.53 0.11
56979.8972106 56979.8972106 0.55 0.10
56981.1230093 56981.1230093 0.69 0.10
56982.8962731 56982.8962731 0.55 0.14
56983.882419 56983.882419 0.48 0.13
56984.8560764 56984.8560764 0.54 0.15
56991.125787 56991.125787 0.56 0.07
57000.1577199 57000.1577199 0.42 0.12
57007.1406944 57007.1406944 0.42 0.09
57010.8740046 57010.8740046 0.52 0.08
57011.7790394 57011.7790394 0.39 0.12
57013.3495949 57013.3495949 0.40 0.15
57017.3409144 57017.3409144 0.69 0.07
57017.7643056 57017.7643056 0.48 0.06
57019.7645602 57019.7645602 0.63 0.09
57020.7622338 57020.7622338 0.76 0.13
57022.8098843 57022.8098843 0.47 0.07
57000.1577199 57000.1577199 0.42 0.12
57007.1406944 57007.1406944 0.42 0.09
57010.8740046 57010.8740046 0.52 0.08
57011.7790394 57011.7790394 0.39 0.12
57012.8495949 57012.8495949 0.40 0.15
57016.8409144 57016.8409144 0.69 0.07
57017.7643056 57017.7643056 0.48 0.06
57019.7645602 57019.7645602 0.63 0.09
57020.7622338 57020.7622338 0.76 0.13
57022.8098843 57022.8098843 0.47 0.07
57023.7738426 57023.7738426 0.54 0.12
57028.0743634 57028.0743634 0.68 0.07
57028.8388657 57028.8388657 0.40 0.11
57048.9781481 57048.9781481 0.51 0.14
57050.0021875 57050.0021875 0.71 0.07
57056.7084144 57056.7084144 0.47 0.08
57057.7188889 57057.7188889 0.23 0.17
57058.7539352 57058.7539352 0.48 0.11
57059.6615278 57059.6615278 0.62 0.10
57061.7397801 57061.7397801 0.44 0.08
57062.9664931 57062.9664931 0.65 0.10
57063.7091551 57063.7091551 0.56 0.07
57068.6702778 57068.6702778 0.34 0.07
57078.8923958 57078.8923958 0.47 0.08
57080.6941898 57080.6941898 0.44 0.06
57083.898125 57083.898125 0.59 0.12
57087.8502546 57087.8502546 0.60 0.09
57090.6532639 57090.6532639 0.53 0.05
57092.8470486 57092.8470486 0.59 0.07
57093.6409954 57093.6409954 0.37 0.05
57095.8963426 57095.8963426 0.51 0.08
57097.6518287 57097.6518287 0.29 0.06
57099.5953819 57099.5953819 0.26 0.07
57100.8083681 57100.8083681 0.59 0.11
57117.8481481 57117.8481481 0.34 0.09
57119.543206 57119.543206 0.33 0.06
57121.4784144 57121.4784144 0.43 0.18
57122.5534606 57122.5534606 0.55 0.11
57125.561169 57125.561169 0.43 0.06
57132.7625579 57132.7625579 0.46 0.06
57133.727338 57133.727338 0.64 0.08
57134.7180093 57134.7180093 0.69 0.07
57135.5204398 57135.5204398 0.62 0.17
57136.4623958 57136.4623958 0.57 0.11
57138.5122917 57138.5122917 0.53 0.06
57140.4207292 57140.4207292 0.50 0.08
57142.7137153 57142.7137153 0.56 0.08
57145.7372685 57145.7372685 0.78 0.06
57146.4390162 57146.4390162 0.44 0.09
57151.6353819 57151.6353819 0.57 0.07
57158.6844676 57158.6844676 0.60 0.07
57162.6664815 57162.6664815 0.64 0.12
57165.6528125 57165.6528125 0.54 0.07
57167.3450926 57167.3450926 0.30 0.14
57180.6449537 57180.6449537 0.60 0.07
57183.6027778 57183.6027778 0.50 0.09
57193.5424306 57193.5424306 0.55 0.06
57194.3175347 57194.3175347 0.53 0.17
57201.560162 57201.560162 0.58 0.08
57206.2373495 57206.2373495 0.28 0.13
57207.2428009 57207.2428009 0.30 0.11
57209.3220023 57209.3220023 0.59 0.14
57217.5440046 57217.5440046 0.68 0.06
57230.49 57230.49 0.28 0.16
57243.4956944 57243.4956944 0.56 0.07
57244.4409606 57244.4409606 0.42 0.09
57249.2132292 57249.2132292 0.52 0.13
57251.1551968 57251.1551968 0.48 0.09
57276.0597454 57276.0597454 1.13 0.07
57300.055081 57300.055081 0.51 0.11
57306.2646991 57306.2646991 0.54 0.07
57314.0078241 57314.0078241 -0.16 -0.11
57314.976412 57314.976412 0.28 0.08
57323.0108796 57323.0108796 0.41 0.07
57337.9723727 57337.9723727 0.31 0.06
57340.2119792 57340.2119792 0.47 0.09
57347.8754745 57347.8754745 0.41 0.10
57358.116088 57358.116088 0.61 0.15
57359.8284954 57359.8284954 0.53 0.07
57375.1378356 57375.1378356 0.54 0.18
57381.7986574 57381.7986574 0.60 0.17
57382.7580671 57382.7580671 0.39 0.09
57388.762963 57388.762963 0.46 0.12
57389.0489352 57389.0489352 0.45 0.08
57389.7921296 57389.7921296 0.27 0.08
57394.8128356 57394.8128356 0.25 0.07
57397.8017245 57397.8017245 0.60 0.16
57404.9649537 57404.9649537 0.43 0.10
57412.7185995 57412.7185995 0.43 0.08
57417.9327662 57417.9327662 0.51 0.08
57425.7226157 57425.7226157 0.08 0.18
57440.8930208 57440.8930208 0.17 0.17
57444.6065509 57444.6065509 0.43 0.07
57453.843669 57453.843669 0.68 0.19
57454.6334491 57454.6334491 0.22 0.07
57455.6365278 57455.6365278 0.40 0.07
57466.6193866 57466.6193866 0.41 0.07
57473.8452315 57473.8452315 0.65 0.10
57477.5589236 57477.5589236 0.18 0.08
57487.4777315 57487.4777315 0.53 0.07
57508.7031829 57508.7031829 0.56 0.09
57515.7704051 57515.7704051 0.47 0.06
57516.7321875 57516.7321875 0.59 0.08
57532.6729167 57532.6729167 0.64 0.08
57540.6651042 57540.6651042 0.46 0.07
