54473.3010 54473.3010 0.4699 0.0225
54475.2951 54475.2951 0.4586 0.0238
54475.2960 54475.2960 0.4678 0.0141
54479.2836 54479.2836 0.4604 0.0198
54479.2845 54479.2845 0.4630 0.0128
54485.2678 54485.2678 0.4805 0.0118
54485.2687 54485.2687 0.4693 0.0190
54487.2624 54487.2624 0.4731 0.0117
54487.2633 54487.2633 0.4575 0.0302
54495.2401 54495.2401 0.4756 0.0506
54495.2410 54495.2410 0.4592 0.0522
54497.2350 54497.2350 0.4913 0.0107
54497.2359 54497.2359 0.4816 0.0267
54503.2182 54503.2182 0.4973 0.0164
54503.2191 54503.2191 0.4971 0.0115
54505.2134 54505.2134 0.4872 0.0114
54505.2143 54505.2143 0.4941 0.0169
54507.2078 54507.2078 0.4845 0.0235
54507.2087 54507.2087 0.4889 0.0521
54545.1037 54545.1037 0.4677 0.0325
54545.1046 54545.1046 0.4732 0.0101
54547.0989 54547.0989 0.4836 0.0456
54549.0928 54549.0928 0.4934 0.0113
54549.0937 54549.0937 0.4940 0.0291
54553.0820 54553.0820 0.4757 0.0115
54553.0829 54553.0829 0.4790 0.0184
54557.0708 54557.0708 0.4604 0.0101
54557.0717 54557.0717 0.4696 0.0104
54584.9952 54584.9952 0.3754 0.0695
54584.9962 54584.9962 0.4588 0.0507
54600.9508 54600.9508 0.4840 0.0721
54600.9517 54600.9517 0.4925 0.0421
54602.9453 54602.9453 0.4732 0.0106
54602.9462 54602.9462 0.4621 0.0213
54604.9396 54604.9396 0.4857 0.0145
54604.9406 54604.9406 0.4705 0.0511
54617.9044 54617.9044 0.4920 0.0209
54617.9053 54617.9053 0.4974 0.0223
54619.8987 54619.8987 0.4681 0.0192
54619.8996 54619.8996 0.4856 0.0287
54622.8908 54622.8908 0.4681 0.0212
54622.8918 54622.8918 0.4552 0.0146
54626.8798 54626.8798 0.4433 0.0422
54626.8807 54626.8807 0.4584 0.0142
54628.8746 54628.8746 0.4691 0.0145
54628.8755 54628.8755 0.4562 0.0101
54632.8639 54632.8639 0.4640 0.0360
54632.8649 54632.8649 0.4508 0.0252
54665.7736 54665.7736 0.4591 0.0398
54665.7746 54665.7746 0.4573 0.0107
54692.7069 54692.7069 0.4347 0.0099
54692.7078 54692.7078 0.4427 0.0136
54693.7113 54693.7113 0.4390 0.0447
54694.7015 54694.7015 0.4319 0.0319
54694.7025 54694.7025 0.4463 0.0333
54695.7049 54695.7049 0.4600 0.0147
54696.6962 54696.6962 0.4360 0.0313
54696.6971 54696.6971 0.4416 0.0568
54697.6996 54697.6996 0.4288 0.0118
54698.6899 54698.6899 0.4304 0.0268
54698.6909 54698.6909 0.4296 0.0096
54699.6933 54699.6933 0.4456 0.0433
54700.6845 54700.6845 0.4252 0.0134
54701.6876 54701.6876 0.4368 0.0483
54702.6788 54702.6788 0.4404 0.0272
54702.6797 54702.6797 0.4269 0.0335
54703.6824 54703.6824 0.4333 0.0561
54704.6732 54704.6732 0.4265 0.0237
54704.6742 54704.6742 0.4261 0.0091
54705.6772 54705.6772 0.4218 0.0092
54707.6715 54707.6715 0.4382 0.0101
54708.6624 54708.6624 0.4289 0.0158
54708.6633 54708.6633 0.4371 0.0201
54712.6519 54712.6519 0.4214 0.0099
54763.5142 54763.5142 0.4653 0.0120
54763.5151 54763.5151 0.4535 0.0122
54767.5032 54767.5032 0.4489 0.0107
54767.5041 54767.5041 0.4382 0.0110
54769.4990 54769.4990 0.4571 0.0103
54769.5000 54769.5000 0.4595 0.0127
54773.4902 54773.4902 0.4397 0.0100
54773.4911 54773.4911 0.4397 0.0266
54777.4793 54777.4793 0.4575 0.0098
54777.4802 54777.4802 0.4544 0.0108
54780.4685 54780.4685 0.4646 0.0162
54780.4694 54780.4694 0.4676 0.0096
54786.4523 54786.4523 0.4698 0.0263
54786.4533 54786.4533 0.4669 0.0103
54790.4412 54790.4412 0.4613 0.0161
54790.4422 54790.4422 0.4697 0.0161
54792.4355 54792.4355 0.4655 0.0118
54792.4364 54792.4364 0.4659 0.0113
54794.4300 54794.4300 0.4603 0.0166
54794.4310 54794.4310 0.4524 0.0121
54806.3973 54806.3973 0.4652 0.0157
54806.3982 54806.3982 0.4671 0.0134
54808.3924 54808.3924 0.4500 0.0497
54808.3933 54808.3933 0.4748 0.0186
54812.3815 54812.3815 0.4827 0.0133
54812.3825 54812.3825 0.4743 0.0136
54814.3761 54814.3761 0.4722 0.0099
54814.3770 54814.3770 0.4759 0.0100
54818.3653 54818.3653 0.4629 0.0325
54824.3488 54824.3488 0.4589 0.0123
54824.3497 54824.3497 0.4562 0.0260
54848.2828 54848.2828 0.4628 0.0105
54848.2837 54848.2837 0.4612 0.0190
54852.2736 54852.2736 0.4530 0.0147
54852.2745 54852.2745 0.4564 0.0221
54854.2505 54854.2505 0.3736 0.0595
54856.2641 54856.2641 0.4413 0.0132
54856.2650 54856.2650 0.4426 0.0117
54859.2778 54859.2778 0.4298 0.0114
54860.2532 54860.2532 0.4015 0.0098
54860.2541 54860.2541 0.3992 0.0097
54861.2724 54861.2724 0.4406 0.0116
54862.2469 54862.2469 0.4400 0.0100
54862.2478 54862.2478 0.4426 0.0186
54863.2667 54863.2667 0.4351 0.0251
54864.2422 54864.2422 0.4362 0.0097
54864.2431 54864.2431 0.4339 0.0231
54865.2614 54865.2614 0.4442 0.0155
54866.2368 54866.2368 0.4434 0.0137
54866.2377 54866.2377 0.4435 0.0117
54867.2557 54867.2557 0.4345 0.0097
54868.2304 54868.2304 0.4388 0.0163
54868.2313 54868.2313 0.4517 0.0161
54873.2394 54873.2394 0.4399 0.0158
54874.2140 54874.2140 0.4313 0.0206
54874.2149 54874.2149 0.4285 0.0144
54875.2345 54875.2345 0.4347 0.0100
54876.2093 54876.2093 0.4355 0.0245
54876.2102 54876.2102 0.4339 0.0126
54877.2291 54877.2291 0.4281 0.0108
54879.2228 54879.2228 0.4237 0.0134
54880.1988 54880.1988 0.4306 0.0202
54880.1998 54880.1998 0.4301 0.0093
54881.2207 54881.2207 0.4143 0.0168
54882.1993 54882.1993 0.4266 0.0098
54882.2003 54882.2003 0.4080 0.0238
54883.2153 54883.2153 0.4242 0.0118
54884.1938 54884.1938 0.4388 0.0659
54884.1947 54884.1947 0.4270 0.0098
54885.2091 54885.2091 0.4196 0.0088
54886.1878 54886.1878 0.4258 0.0279
54886.1887 54886.1887 0.4140 0.0123
54887.2037 54887.2037 0.4248 0.0105
54888.1828 54888.1828 0.4166 0.0143
54888.1838 54888.1838 0.4114 0.0163
54889.1981 54889.1981 0.4254 0.0131
54890.1775 54890.1775 0.4272 0.0175
54890.1785 54890.1785 0.4115 0.0114
54891.1927 54891.1927 0.4313 0.0301
54893.1879 54893.1879 0.4204 0.0206
54894.1661 54894.1661 0.4267 0.0109
54894.1671 54894.1671 0.4201 0.0167
54895.1820 54895.1820 0.4204 0.0120
54896.1606 54896.1606 0.4278 0.0117
54896.1616 54896.1616 0.4074 0.0086
54897.1772 54897.1772 0.3757 0.0110
54898.1556 54898.1556 0.4159 0.0111
54898.1565 54898.1565 0.4171 0.0150
54899.1709 54899.1709 0.4272 0.0111
54901.1657 54901.1657 0.4275 0.0119
54902.1458 54902.1458 0.4268 0.0136
54902.1467 54902.1467 0.4282 0.0088
54904.1400 54904.1400 0.4241 0.0245
54904.1409 54904.1409 0.4231 0.0095
54905.1567 54905.1567 0.4244 0.0162
54906.1343 54906.1343 0.4242 0.0171
54906.1352 54906.1352 0.4257 0.0095
54909.1499 54909.1499 0.4220 0.0094
54909.1508 54909.1508 0.4311 0.0071
54915.1282 54915.1282 0.3785 0.0315
54915.1291 54915.1291 0.3645 0.0155
54918.1136 54918.1136 0.4227 0.0153
54918.1146 54918.1146 0.4079 0.0155
54922.0949 54922.0949 0.4245 0.0169
54922.0959 54922.0959 0.4219 0.0154
54928.1051 54928.1051 0.4257 0.0103
54928.1060 54928.1060 0.4150 0.0127
54931.1042 54931.1042 0.4239 0.0207
54931.1052 54931.1052 0.4223 0.0080
54934.0635 54934.0635 0.4306 0.0244
54934.0669 54934.0669 0.4233 0.0138
54943.0489 54943.0489 0.4421 0.0241
54943.0524 54943.0524 0.4322 0.0186
54961.9750 54961.9750 0.4531 0.0075
54961.9759 54961.9759 0.4505 0.0299
54964.9668 54964.9668 0.4489 0.0092
54964.9678 54964.9678 0.4519 0.0151
54967.9595 54967.9595 0.4456 0.0167
54989.8985 54989.8985 0.4556 0.0259
54989.8994 54989.8994 0.4502 0.0090
55007.8495 55007.8495 0.4956 0.0088
55007.8504 55007.8504 0.4725 0.0290
55010.8413 55010.8413 0.4790 0.0269
55010.8422 55010.8422 0.4770 0.0134
55026.7975 55026.7975 0.4886 0.0314
55026.7984 55026.7984 0.4847 0.0127
55029.7894 55029.7894 0.4733 0.0083
55029.7903 55029.7903 0.4840 0.0340
55032.7811 55032.7811 0.4830 0.1134
55035.7730 55035.7730 0.4765 0.0533
55035.7739 55035.7739 0.4740 0.0513
55038.7649 55038.7649 0.5278 0.0213
55038.7658 55038.7658 0.4760 0.0696
55044.7618 55044.7618 0.4434 0.0268
55047.7433 55047.7433 0.4626 0.0172
55050.7350 55050.7350 0.4727 0.0125
55056.7186 55056.7186 0.4578 0.0166
55059.7103 55059.7103 0.4664 0.0144
55062.7021 55062.7021 0.4660 0.0083
55065.6939 55065.6939 0.4732 0.0099
55068.7162 55068.7162 0.4494 0.0200
55071.7113 55071.7113 0.4574 0.0233
55074.6999 55074.6999 0.4464 0.0228
55077.6885 55077.6885 0.4637 0.0243
55080.6816 55080.6816 0.4587 0.0084
55083.6756 55083.6756 0.4502 0.0299
55086.6685 55086.6685 0.4552 0.0105
55089.6589 55089.6589 0.4549 0.0123
55092.6501 55092.6501 0.4655 0.0107
55095.6430 55095.6430 0.4521 0.0136
55098.6334 55098.6334 0.4513 0.0071
55101.6246 55101.6246 0.4561 0.0132
55107.6094 55107.6094 0.4524 0.0171
55111.6170 55111.6170 0.4656 0.0113
55114.5912 55114.5912 0.4389 0.0077
55131.5408 55131.5408 0.4005 0.0205
55136.5308 55136.5308 0.4067 0.0265
55139.5202 55139.5202 0.4104 0.0069
55142.5107 55142.5107 0.4128 0.0124
55149.5026 55149.5026 0.4137 0.0100
55152.4847 55152.4847 0.4083 0.0163
55155.4765 55155.4765 0.4117 0.0073
55158.4683 55158.4683 0.4182 0.0108
55165.4507 55165.4507 0.4164 0.0075
55168.4566 55168.4566 0.4265 0.0072
55174.4247 55174.4247 0.4180 0.0258
55181.4248 55181.4248 0.4323 0.0360
55184.3974 55184.3974 0.4329 0.0114
55191.3782 55191.3782 0.4325 0.0416
55194.3699 55194.3699 0.4357 0.0206
55198.3590 55198.3590 0.4360 0.0200
55201.3509 55201.3509 0.4396 0.0075
55204.3466 55204.3466 0.4564 0.0093
55207.3267 55207.3267 0.4416 0.0387
55213.3124 55213.3124 0.4644 0.0104
55220.2914 55220.2914 0.4472 0.0071
55226.2817 55226.2817 0.4747 0.0096
55229.2667 55229.2667 0.4605 0.0217
55239.2395 55239.2395 0.4104 0.0597
55242.2358 55242.2358 0.4596 0.0384
55245.2234 55245.2234 0.4560 0.0107
55248.2345 55248.2345 0.4457 0.0207
55251.2146 55251.2146 0.4378 0.0093
55258.1977 55258.1977 0.4293 0.0074
55261.1995 55261.1995 0.4477 0.0144
55272.1455 55272.1455 0.4608 0.0198
55276.1320 55276.1320 0.4789 0.0218
55292.1289 55292.1289 0.4534 0.0446
55307.0737 55307.0737 0.4543 0.0069
55320.0580 55320.0580 0.4521 0.0076
55324.0259 55324.0259 0.4651 0.0116
55336.9930 55336.9930 0.4686 0.0447
55345.9498 55345.9498 0.5174 0.0495
55353.9602 55353.9602 0.5199 0.0590
55356.9329 55356.9329 0.5069 0.0276
55383.8541 55383.8541 0.4073 0.0254
55386.8381 55386.8381 0.4637 0.0402
55389.8321 55389.8321 0.4439 0.0083
55395.8207 55395.8207 0.4427 0.0155
55423.7771 55423.7771 0.4398 0.0232
55428.0148 55428.0148 0.4315 0.0089
55432.0044 55432.0044 0.4041 0.0779
55436.7275 55436.7275 0.4129 0.0111
55444.6997 55444.6997 0.4101 0.0303
55448.6981 55448.6981 0.4209 0.0089
55456.6756 55456.6756 0.4313 0.0564
55460.6698 55460.6698 0.4280 0.0323
55464.6437 55464.6437 0.4294 0.0063
55468.6338 55468.6338 0.4296 0.0119
55495.5592 55495.5592 0.4588 0.0098
55503.5370 55503.5370 0.4942 0.0226
55506.5061 55506.5061 0.5034 0.0141
55518.4728 55518.4728 0.4962 0.0377
55533.4294 55533.4294 0.4781 0.0863
55537.4047 55537.4047 0.5192 0.0177
55578.2858 55578.2858 0.5385 0.0210
55582.2786 55582.2786 0.5415 0.0224
55585.2666 55585.2666 0.5701 0.0221
55601.2285 55601.2285 0.6040 0.0150
55605.2325 55605.2325 0.6190 0.0218
55613.1930 55613.1930 0.6394 0.0093
55616.1821 55616.1821 0.6260 0.0089
55620.1855 55620.1855 0.6359 0.0162
55623.1685 55623.1685 0.6150 0.0244
55632.1454 55632.1454 0.5929 0.0204
55648.1084 55648.1084 0.5902 0.0092
55663.0879 55663.0879 0.5096 0.1755
55666.0671 55666.0671 0.5740 0.0199
55692.9930 55692.9930 0.5970 0.0083
55703.9579 55703.9579 0.5970 0.0505
55705.9551 55705.9551 0.5780 0.0140
55720.9003 55720.9003 0.5295 0.0372
55726.9040 55726.9040 0.5192 0.0083
55730.8803 55730.8803 0.4922 0.0100
55737.8672 55737.8672 0.4745 0.0085
55763.8164 55763.8164 0.4200 0.0103
55779.7789 55779.7789 0.4178 0.0207
55781.7628 55781.7628 0.4186 0.0246
55785.7526 55785.7526 0.4072 0.0124
55788.7535 55788.7535 0.4222 0.0086
55792.7412 55792.7412 0.4341 0.0065
55795.7178 55795.7178 0.4228 0.0206
55802.7259 55802.7259 0.4408 0.0103
55809.7094 55809.7094 0.4468 0.0344
55813.7022 55813.7022 0.4484 0.0099
55820.6672 55820.6672 0.4469 0.0065
55823.6752 55823.6752 0.4519 0.0070
55827.6708 55827.6708 0.4616 0.0178
55830.6635 55830.6635 0.4557 0.0197
55834.6428 55834.6428 0.4458 0.0169
55837.6322 55837.6322 0.4544 0.0102
55848.8803 55848.8803 0.5439 0.0312
55851.8733 55851.8733 0.4494 0.0069
55855.5909 55855.5909 0.4576 0.0066
55858.5848 55858.5848 0.4590 0.0076
55862.5668 55862.5668 0.4518 0.0071
55865.5573 55865.5573 0.4627 0.0224
55872.5369 55872.5369 0.4751 0.0090
55876.5141 55876.5141 0.4744 0.0186
55879.5155 55879.5155 0.4823 0.0137
55883.5144 55883.5144 0.4761 0.0142
55893.4835 55893.4835 0.4827 0.0092
55904.4525 55904.4525 0.4757 0.0107
55907.3973 55907.3973 0.4745 0.0083
55911.3893 55911.3893 0.4647 0.0057
55914.4363 55914.4363 0.4605 0.0036
55921.4218 55921.4218 0.4701 0.0143
55924.3947 55924.3947 0.4587 0.0086
55925.3995 55925.3995 0.4636 0.0119
55928.3296 55928.3296 0.4655 0.0049
55932.3725 55932.3725 0.4617 0.0067
55935.3252 55935.3252 0.4638 0.0049
55939.6107 55939.6107 0.4479 0.0044
55942.2983 55942.2983 0.4404 0.0158
55946.5988 55946.5988 0.4381 0.0038
55956.2582 55956.2582 0.4488 0.0040
55958.5655 55958.5655 0.4573 0.0119
55963.2510 55963.2510 0.4461 0.0164
55967.5433 55967.5433 0.4563 0.0160
55969.2328 55969.2328 0.4543 0.0107
55975.5161 55975.5161 0.4518 0.0082
55978.2113 55978.2113 0.4723 0.0138
55981.5392 55981.5392 0.4553 0.0048
55985.2374 55985.2374 0.4460 0.0195
55995.5011 55995.5011 0.4492 0.0075
56002.4777 56002.4777 0.4646 0.0066
56006.1458 56006.1458 0.4824 0.0052
56009.4607 56009.4607 0.4427 0.0084
56016.4322 56016.4322 0.4697 0.0331
56037.3861 56037.3861 0.5039 0.0158
56048.3231 56048.3231 0.4912 0.0069
56056.3129 56056.3129 0.5057 0.0041
56059.3182 56059.3182 0.5112 0.0059
56145.0821 56145.0821 0.5938 0.0289
56150.7643 56150.7643 0.6124 0.0098
56177.9862 56177.9862 0.7545 0.0210
56185.9733 56185.9733 0.8655 0.0258
56191.9829 56191.9829 1.0908 0.0446
56194.6317 56194.6317 1.0609 0.0090
56197.9416 56197.9416 0.9687 0.0407
56201.6620 56201.6620 0.9226 0.0210
56203.9235 56203.9235 0.8606 0.0082
56207.6081 56207.6081 0.7791 0.0118
56212.8514 56212.8514 0.7367 0.0346
56212.8524 56212.8524 0.7250 0.0101
56213.8887 56213.8887 0.6304 0.0144
56220.6068 56220.6068 0.7017 0.0165
56223.8755 56223.8755 0.6660 0.0135
56230.5889 56230.5889 0.6602 0.0089
56234.8244 56234.8244 0.6430 0.0136
56236.8424 56236.8424 0.6299 0.0152
56250.5099 56250.5099 0.6335 0.0094
56253.7656 56253.7656 0.6578 0.0099
56257.7873 56257.7873 0.6693 0.0101
56265.5066 56265.5066 0.6497 0.0152
56266.4462 56266.4462 0.6284 0.0165
56268.7382 56268.7382 0.6259 0.0126
56272.7280 56272.7280 0.6570 0.0093
56273.7103 56273.7103 0.6432 0.0485
56277.6978 56277.6978 0.6506 0.0200
56280.7144 56280.7144 0.6701 0.0114
56281.6953 56281.6953 0.6559 0.0298
56293.3805 56293.3805 0.6461 0.0209
56303.3374 56303.3374 0.6654 0.0163
56303.3393 56303.3393 0.6535 0.0099
56305.3606 56305.3606 0.6563 0.0147
56312.5835 56312.5835 0.7007 0.0180
56329.2807 56329.2807 0.6905 0.0340
56338.5348 56338.5348 0.6767 0.0326
56340.2278 56340.2278 0.6420 0.0156
56342.5356 56342.5356 0.6368 0.0216
56346.5322 56346.5322 0.6478 0.0192
56353.5271 56353.5271 0.6450 0.0169
56356.1604 56356.1604 0.6431 0.0088
56358.5071 56358.5071 0.6456 0.0194
56363.1539 56363.1539 0.6620 0.0117
56377.4666 56377.4666 0.6022 0.0105
56379.4681 56379.4681 0.5972 0.0099
56382.4197 56382.4197 0.6004 0.0352
56385.0939 56385.0939 0.5889 0.0150
56386.1297 56386.1297 0.5800 0.0199
56389.3990 56389.3990 0.6041 0.0161
56395.1373 56395.1373 0.6448 0.0402
56399.4191 56399.4191 0.6075 0.0082
56400.3660 56400.3660 0.6240 0.0110
56400.3894 56400.3894 0.6319 0.0101
56401.0856 56401.0856 0.6152 0.0133
56401.4131 56401.4131 0.5988 0.0180
56402.0814 56402.0814 0.6046 0.0145
56402.0833 56402.0833 0.6164 0.0240
56402.3652 56402.3652 0.6011 0.0227
56402.3671 56402.3671 0.6049 0.0099
56403.0559 56403.0559 0.6268 0.0787
56403.0577 56403.0577 0.6108 0.0129
56403.3765 56403.3765 0.6286 0.0086
56404.0357 56404.0357 0.6243 0.0221
56404.0376 56404.0376 0.6333 0.0165
56404.3573 56404.3573 0.6326 0.0120
56406.3905 56406.3905 0.6134 0.0133
56406.3914 56406.3914 0.6268 0.0118
56406.3924 56406.3924 0.6272 0.0096
56407.3475 56407.3475 0.6170 0.0105
56407.3485 56407.3485 0.6111 0.0304
56407.3494 56407.3494 0.6085 0.0088
56408.0762 56408.0762 0.6278 0.0389
56408.3668 56408.3668 0.6115 0.0091
56408.3678 56408.3678 0.6091 0.0172
56409.3452 56409.3452 0.6133 0.0133
56410.0419 56410.0419 0.6327 0.0088
56410.0429 56410.0429 0.6319 0.0181
56410.3543 56410.3543 0.6327 0.0121
56410.3552 56410.3552 0.6225 0.0098
56411.0512 56411.0512 0.6091 0.0135
56411.0522 56411.0522 0.6188 0.0235
56411.3773 56411.3773 0.6242 0.0123
56411.3783 56411.3783 0.6335 0.0135
56414.0421 56414.0421 0.6410 0.0234
56414.0430 56414.0430 0.6257 0.0205
56414.3617 56414.3617 0.6157 0.0140
56416.3813 56416.3813 0.6234 0.0099
56416.3822 56416.3822 0.6197 0.0090
56417.3307 56417.3307 0.6132 0.0233
56417.3325 56417.3325 0.6259 0.0217
56417.3334 56417.3334 0.6242 0.0181
56421.3131 56421.3131 0.6404 0.0234
56421.3150 56421.3150 0.6651 0.0808
56421.3159 56421.3159 0.6326 0.0618
56423.9455 56423.9455 0.6513 0.0329
56423.9473 56423.9473 0.6621 0.0347
56423.9483 56423.9483 0.6562 0.0144
56424.2587 56424.2587 0.6588 0.0181
56424.2759 56424.2759 0.6486 0.0136
56424.2769 56424.2769 0.6529 0.0203
56425.0014 56425.0014 0.6644 0.0607
56430.2808 56430.2808 0.6850 0.0106
56430.2826 56430.2826 0.6905 0.0046
56430.2835 56430.2835 0.6849 0.0180
56431.3134 56431.3134 0.6950 0.0300
56433.2844 56433.2844 0.6735 0.0118
56434.2609 56434.2609 0.6816 0.0107
56434.2627 56434.2627 0.6901 0.0058
56434.2636 56434.2636 0.6881 0.0090
56436.2808 56436.2808 0.6834 0.0072
56436.2827 56436.2827 0.6843 0.0183
56436.2836 56436.2836 0.6838 0.0231
56437.2941 56437.2941 0.6713 0.0056
56437.2959 56437.2959 0.6857 0.0147
56437.2969 56437.2969 0.6942 0.0194
56438.2500 56438.2500 0.7002 0.0099
56439.2627 56439.2627 0.7012 0.0187
56439.2645 56439.2645 0.7001 0.0109
56439.2655 56439.2655 0.6927 0.0094
56442.2946 56442.2946 0.7085 0.0145
56442.2964 56442.2964 0.6983 0.0198
56442.2974 56442.2974 0.6932 0.0078
56445.2656 56445.2656 0.7234 0.0142
56446.2245 56446.2245 0.7200 0.0107
56447.2471 56447.2471 0.6985 0.0334
56447.2489 56447.2489 0.7116 0.0063
56447.2499 56447.2499 0.6981 0.0270
56449.2382 56449.2382 0.7286 0.0102
56449.2400 56449.2400 0.7092 0.0129
56449.2410 56449.2410 0.7091 0.0222
56451.2642 56451.2642 0.7321 0.0095
56451.2661 56451.2661 0.7216 0.0167
56455.2697 56455.2697 0.7167 0.0306
56455.2715 56455.2715 0.7311 0.0482
56457.2198 56457.2198 0.7627 0.0147
56458.2486 56458.2486 0.7560 0.0185
56458.2504 56458.2504 0.7602 0.0219
56459.2008 56459.2008 0.7588 0.0266
56460.2159 56460.2159 0.7510 0.0223
56460.2177 56460.2177 0.7637 0.0236
56461.2448 56461.2448 0.7659 0.0232
56466.1956 56466.1956 0.7315 0.0109
56469.1943 56469.1943 0.7318 0.0302
56470.2329 56470.2329 0.7233 0.0069
56470.2347 56470.2347 0.7158 0.0075
56471.1928 56471.1928 0.7165 0.0335
56472.2154 56472.2154 0.7335 0.0304
56472.2173 56472.2173 0.7445 0.0097
56476.2128 56476.2128 0.7135 0.0090
56476.2146 56476.2146 0.7434 0.0067
56480.1652 56480.1652 0.7123 0.0125
56482.1982 56482.1982 0.7324 0.0125
56483.1648 56483.1648 0.7204 0.0409
56483.1666 56483.1666 0.7366 0.0242
56487.1433 56487.1433 0.7319 0.0210
56489.1783 56489.1783 0.7074 0.0328
56506.0945 56506.0945 0.7522 0.0320
56506.0963 56506.0963 0.7457 0.0163
56510.7770 56510.7770 0.6930 0.0057
56510.7788 56510.7788 0.6885 0.0134
56511.7812 56511.7812 0.6739 0.0258
56511.7831 56511.7831 0.7014 0.0269
56522.0660 56522.0660 0.6312 0.0137
56542.0231 56542.0231 0.6567 0.0282
56545.0059 56545.0059 0.6876 0.0110
56553.9636 56553.9636 0.6641 0.0129
56554.6646 56554.6646 0.6563 0.0158
56562.9153 56562.9153 0.6624 0.0187
56564.6194 56564.6194 0.7008 0.0762
56570.6162 56570.6162 0.7003 0.0097
56573.8926 56573.8926 0.6888 0.0176
56583.8800 56583.8800 0.6712 0.0258
56587.8408 56587.8408 0.6763 0.0113
56602.8110 56602.8110 0.6547 0.0091
56604.8158 56604.8158 0.6534 0.0181
56607.5121 56607.5121 0.6429 0.0101
56612.5515 56612.5515 0.6191 0.0139
56615.8125 56615.8125 0.6025 0.0712
56620.7318 56620.7318 0.7015 0.1151
56626.7919 56626.7919 0.6313 0.0194
56641.7130 56641.7130 0.6402 0.0304
56648.6907 56648.6907 0.6361 0.0113
56650.4082 56650.4082 0.6373 0.0164
56653.3870 56653.3870 0.6097 0.0265
56657.6749 56657.6749 0.6263 0.0085
56669.3146 56669.3146 0.5648 0.0288
56673.3279 56673.3279 0.5812 0.1425
56677.2949 56677.2949 0.5539 0.0161
56686.2822 56686.2822 0.5500 0.0137
56692.2627 56692.2627 0.5598 0.0110
56695.2651 56695.2651 0.5501 0.0141
56701.2412 56701.2412 0.5198 0.0243
56703.5892 56703.5892 0.5101 0.0095
56705.2108 56705.2108 0.5171 0.0076
56710.2527 56710.2527 0.5058 0.0079
56713.5294 56713.5294 0.5132 0.0113
56732.4700 56732.4700 0.5245 0.0081
56735.4470 56735.4470 0.5166 0.0183
56737.4799 56737.4799 0.5364 0.0215
56740.1513 56740.1513 0.5440 0.0130
56749.4102 56749.4102 0.5482 0.0184
56757.0992 56757.0992 0.5680 0.0274
56763.4059 56763.4059 0.5645 0.0156
56777.3745 56777.3745 0.5342 0.0154
56777.3755 56777.3755 0.5270 0.0268
56778.2908 56778.2908 0.5154 0.0223
56778.2917 56778.2917 0.5237 0.0077
56778.3796 56778.3796 0.5331 0.0094
56778.3805 56778.3805 0.5137 0.0079
56779.3709 56779.3709 0.5319 0.0205
56781.3623 56781.3623 0.5099 0.0126
56781.3633 56781.3633 0.5150 0.0075
56785.3094 56785.3094 0.5148 0.0138
56832.1593 56832.1593 0.4942 0.0143
56841.1847 56841.1847 0.5193 0.0180
56843.1972 56843.1972 0.4832 0.0209
56878.0945 56878.0945 0.6307 0.0088
56904.6372 56904.6372 0.7514 0.0121
56904.6391 56904.6391 0.7774 0.0815
56904.6400 56904.6400 0.7825 0.0164
56904.6410 56904.6410 0.8227 0.0711
56905.0153 56905.0153 0.7433 0.0469
56909.6851 56909.6851 0.6964 0.0103
56909.6870 56909.6870 0.7376 0.0379
56909.6880 56909.6880 0.6972 0.0170
56910.7124 56910.7124 0.7233 0.0084
56910.7143 56910.7143 0.7266 0.0135
56910.7153 56910.7153 0.7298 0.0129
56911.9934 56911.9934 0.7100 0.0199
56915.7119 56915.7119 0.6745 0.0082
56915.7138 56915.7138 0.6632 0.0114
56915.7148 56915.7148 0.6731 0.0163
56951.9011 56951.9011 0.5699 0.0211
56973.8243 56973.8243 0.6185 0.0239
56978.8193 56978.8193 0.6243 0.0184
56982.8070 56982.8070 0.6376 0.0269
56988.7908 56988.7908 0.6333 0.0114
57001.7537 57001.7537 0.6279 0.0340
57038.6425 57038.6425 0.6345 0.0132
57042.6442 57042.6442 0.5952 0.0168
57048.6148 57048.6148 0.5991 0.0126
57066.2850 57066.2850 0.6306 0.0540
57081.5259 57081.5259 0.5825 0.0155
57087.5130 57087.5130 0.5747 0.0212
57096.5036 57096.5036 0.5507 0.0122
57102.4864 57102.4864 0.5450 0.0111
57108.4659 57108.4659 0.5504 0.0145
57124.4062 57124.4062 0.5588 0.0103
57145.3278 57145.3278 0.6131 0.0297
57199.1978 57199.1978 0.5277 0.0080
57219.1678 57219.1678 0.5182 0.0041
57250.0582 57250.0582 0.7219 0.0518
57256.7322 57256.7322 0.5878 0.0090
57260.7253 57260.7253 0.6049 0.0215
57263.7150 57263.7150 0.6249 0.0241
57282.6474 57282.6474 0.6178 0.0512
57283.9625 57283.9625 0.6275 0.0128
57285.9530 57285.9530 0.6137 0.0486
57295.8744 57295.8744 0.5597 0.0221
57317.5286 57317.5286 0.5656 0.0096
57319.5621 57319.5621 0.5662 0.0201
57356.4234 57356.4234 0.5418 0.0199
57356.4286 57356.4286 0.5374 0.0086
57365.3917 57365.3917 0.5193 0.0137
57365.3969 57365.3969 0.5173 0.0051
57369.3800 57369.3800 0.5048 0.0050
57369.3852 57369.3852 0.5046 0.0064
57380.3950 57380.3950 0.5217 0.0068
57382.4046 57382.4046 0.5309 0.0060
57387.6963 57387.6963 0.5263 0.0060
57397.3328 57397.3328 0.4859 0.0721
57401.3351 57401.3351 0.4836 0.0109
57432.2184 57432.2184 0.5775 0.0140
57434.2389 57434.2389 0.5910 0.0092
57437.2246 57437.2246 0.5840 0.0069
57464.4383 57464.4383 0.5790 0.0052
57466.4200 57466.4200 0.5705 0.0073
57469.4353 57469.4353 0.5904 0.0247
57475.1048 57475.1048 0.5893 0.0221
57520.0013 57520.0013 0.5546 0.0060
57552.2137 57552.2137 0.5737 0.0121
57554.2355 57554.2355 0.5596 0.0071
57574.1368 57574.1368 0.5411 0.0112
57588.1321 57588.1321 0.5237 0.0058
57589.1144 57589.1144 0.5316 0.0043
57592.7955 57592.7955 0.5125 0.0043
57595.8010 57595.8010 0.5326 0.0050
57598.7791 57598.7791 0.5058 0.0074
57602.7749 57602.7749 0.5264 0.0119
57612.7316 57612.7316 0.4954 0.0044
57625.6903 57625.6903 0.5086 0.0064
57628.9886 57628.9886 0.4942 0.0067
57635.9793 57635.9793 0.5200 0.0132
57645.6444 57645.6444 0.5148 0.0046
57652.6106 57652.6106 0.5539 0.0117
57657.6226 57657.6226 0.5374 0.0045
57661.6236 57661.6236 0.5427 0.0094
57669.9059 57669.9059 0.5458 0.0069
57682.8657 57682.8657 0.5229 0.0062
57696.8416 57696.8416 0.5397 0.0067
57701.7882 57701.7882 0.5207 0.0078
57705.7573 57705.7573 0.5204 0.0061
57712.4464 57712.4464 0.5157 0.0185
57717.4520 57717.4520 0.4929 0.0053
57722.4425 57722.4425 0.4889 0.0063
57730.6839 57730.6839 0.4852 0.0264
57740.7176 57740.7176 0.4704 0.0077
57749.3661 57749.3661 0.4552 0.0053
57752.3670 57752.3670 0.4846 0.0074
57756.3928 57756.3928 0.4551 0.0191
57759.6045 57759.6045 0.4481 0.0057
57767.6333 57767.6333 0.5045 0.0055
57783.2989 57783.2989 0.5016 0.0079
57811.5164 57811.5164 0.4868 0.0110
57814.2200 57814.2200 0.4908 0.0076
57858.0635 57858.0635 0.4698 0.0043
57862.4014 57862.4014 0.4676 0.0057
57866.3460 57866.3460 0.4420 0.0040
57876.0154 57876.0154 0.4664 0.0189
57878.0321 57878.0321 0.4618 0.0113
57892.9581 57892.9581 0.4407 0.0062
57896.3038 57896.3038 0.4500 0.0059
57902.9717 57902.9717 0.4423 0.0070
57907.2084 57907.2084 0.4146 0.0041
57918.8912 57918.8912 0.4312 0.0106
57948.8116 57948.8116 0.4391 0.0336
57950.8349 57950.8349 0.4352 0.0043
57989.0180 57989.0180 0.4453 0.0156
57994.7067 57994.7067 0.4299 0.0181
58023.6331 58023.6331 0.4249 0.0073
58028.5975 58028.5975 0.4345 0.0063
58040.8391 58040.8391 0.4526 0.0088
58041.8700 58041.8700 0.4432 0.0082
58057.5162 58057.5162 0.4377 0.0045
58066.5087 58066.5087 0.4203 0.0050
58071.4962 58071.4962 0.4308 0.0277
58073.4938 58073.4938 0.4265 0.0056
58076.8032 58076.8032 0.4269 0.0060
58081.7242 58081.7242 0.4358 0.0185
58087.4448 58087.4448 0.4272 0.0060
58097.4089 58097.4089 0.4145 0.0111
58109.6842 58109.6842 0.4218 0.0079
58130.5967 58130.5967 0.4181 0.0098
58132.3070 58132.3070 0.4272 0.0035
58135.3204 58135.3204 0.4289 0.0174
58144.3056 58144.3056 0.4323 0.0047
58147.5749 58147.5749 0.4343 0.0081
58149.2826 58149.2826 0.4243 0.0213
58152.5810 58152.5810 0.4468 0.0046
58156.2526 58156.2526 0.4276 0.0094
58165.5334 58165.5334 0.4137 0.0038
58167.2413 58167.2413 0.4054 0.0052
58172.2067 58172.2067 0.4187 0.0038
58175.1968 58175.1968 0.4240 0.0175
58213.1172 58213.1172 0.4309 0.0099
58222.4040 58222.4040 0.4612 0.0059
58232.3664 58232.3664 0.4597 0.0051
58245.0138 58245.0138 0.4553 0.0235
58250.2657 58250.2657 0.4447 0.0072
58283.2322 58283.2322 0.3991 0.0195
58288.8915 58288.8915 0.4050 0.0260
58291.8623 58291.8623 0.4142 0.0364
58306.8539 58306.8539 0.3825 0.0047
58404.5956 58404.5956 0.3791 0.0037
58408.8721 58408.8721 0.3816 0.0047
58415.8083 58415.8083 0.3780 0.0142
58418.5381 58418.5381 0.3831 0.0050
58420.8509 58420.8509 0.3872 0.0046
58426.5294 58426.5294 0.3850 0.0048
58432.4871 58432.4871 0.3831 0.0111
58435.5072 58435.5072 0.3888 0.0053
58438.4891 58438.4891 0.3920 0.0064
58442.4533 58442.4533 0.3821 0.0045
58444.4758 58444.4758 0.3941 0.0097
58449.4323 58449.4323 0.3865 0.0069
58462.4329 58462.4329 0.3963 0.0066
58466.3788 58466.3788 0.3974 0.0039
58471.3964 58471.3964 0.3792 0.0041
58472.3884 58472.3884 0.3775 0.0033
58477.4160 58477.4160 0.3835 0.0043
58479.3766 58479.3766 0.3821 0.0120
