5.418242146100000E+04 5.418242146100000E+04 1.3659000E-10 2.646781434950237E-12
5.418925277100000E+04 5.418925277100000E+04 2.3495000E-10 3.578826378160443E-12
5.419628123400000E+04 5.419628123400000E+04 1.1767000E-10 2.165699949666254E-12
5.420317005700000E+04 5.420317005700000E+04 3.3872999E-10 4.921931637725613E-12
5.420431587000000E+04 5.420431587000000E+04 2.9132999E-10 9.924866698561718E-12
5.421830178900000E+04 5.421830178900000E+04 9.5024003E-11 2.337466083105128E-12
5.422432508100000E+04 5.422432508100000E+04 8.6363999E-11 2.033559681645354E-12
5.423215807500000E+04 5.423215807500000E+04 9.5084003E-11 2.563656000879705E-12
5.438064083300000E+04 5.438064083300000E+04 1.0084000E-10 2.606724582043163E-12
5.438064671900000E+04 5.438064671900000E+04 1.2431001E-10 1.694357103822744E-12
5.438164430600000E+04 5.438164430600000E+04 9.9883997E-11 2.149588745448210E-12
5.438165019100000E+04 5.438165019100000E+04 1.1960000E-10 1.694387200963150E-12
5.438701143900000E+04 5.438701143900000E+04 3.1670000E-10 1.473386980170930E-12
5.438962046200000E+04 5.438962046200000E+04 1.9504000E-10 2.977173511845829E-12
5.438962658000000E+04 5.438962658000000E+04 1.9123000E-10 3.077405336443482E-12
5.439705086200000E+04 5.439705086200000E+04 4.7484000E-10 2.495526450751672E-12
5.439805364200000E+04 5.439805364200000E+04 5.9909999E-10 3.978823923246421E-12
5.441746322600000E+04 5.441746322600000E+04 3.5726000E-10 6.545204882595560E-12
5.441853090400000E+04 5.441853090400000E+04 4.2277001E-10 5.632661767212467E-12
5.441941941300000E+04 5.441941941300000E+04 4.2850001E-10 6.855359510152989E-12
5.442035368400000E+04 5.442035368400000E+04 3.5271000E-10 6.514984264140318E-12
5.442135780300000E+04 5.442135780300000E+04 2.0264999E-10 4.160264215367320E-12
5.442243104500000E+04 5.442243104500000E+04 3.1336000E-10 9.933765455873899E-12
5.442348622000000E+04 5.442348622000000E+04 2.2351999E-10 2.806525494449109E-12
5.442843891000000E+04 5.442843891000000E+04 2.8559999E-10 3.919480205154739E-12
5.444933834900000E+04 5.444933834900000E+04 4.6370999E-10 6.254440180733648E-12
5.446566945500000E+04 5.446566945500000E+04 5.0281002E-10 6.455035665868262E-12
5.447268497000000E+04 5.447268497000000E+04 2.0759000E-10 3.468852649248455E-12
5.447310649800000E+04 5.447310649800000E+04 2.7909000E-10 3.990161488339106E-12
5.447417220800000E+04 5.447417220800000E+04 2.7458000E-10 3.990183067400497E-12
5.447442731700000E+04 5.447442731700000E+04 2.9964001E-10 4.110148929337108E-12
5.447510546500000E+04 5.447510546500000E+04 3.2635000E-10 4.741909039267452E-12
5.447536471100000E+04 5.447536471100000E+04 2.4866001E-10 3.218400867659672E-12
5.447737289400000E+04 5.447737289400000E+04 2.4099001E-10 4.190597242864796E-12
5.447837705800000E+04 5.447837705800000E+04 4.1396001E-10 5.744292675496901E-12
5.447926104100000E+04 5.447926104100000E+04 3.3521000E-10 7.637988821969209E-12
5.448114099100000E+04 5.448114099100000E+04 5.0066001E-10 8.891148738437208E-12
5.448139794200000E+04 5.448139794200000E+04 4.7880999E-10 7.487852086449436E-12
5.448214679100000E+04 5.448214679100000E+04 3.5348999E-10 7.127751104245135E-12
5.448240293200000E+04 5.448240293200000E+04 3.7973000E-10 7.398522531928378E-12
5.448321039500000E+04 5.448321039500000E+04 3.8037001E-10 7.668539913052202E-12
5.448348065500000E+04 5.448348065500000E+04 4.8525001E-10 7.116853944690995E-12
5.448421641900000E+04 5.448421641900000E+04 3.9963000E-10 7.267828705872842E-12
5.450242221600000E+04 5.450242221600000E+04 8.5203000E-10 1.182679538175424E-11
5.450287046400000E+04 5.450287046400000E+04 6.0094002E-10 8.158997198244164E-12
5.450420940000000E+04 5.450420940000000E+04 6.3542999E-10 6.665538608471188E-12
5.450615025800000E+04 5.450615025800000E+04 7.6141998E-10 9.521519873323474E-12
5.450642496500000E+04 5.450642496500000E+04 7.0563999E-10 1.032403250874957E-11
5.450715510100000E+04 5.450715510100000E+04 6.5318001E-10 6.785660485703494E-12
5.450742774700000E+04 5.450742774700000E+04 6.1281002E-10 9.301727240521764E-12
5.450809280700000E+04 5.450809280700000E+04 5.9472999E-10 6.324044250156890E-12
5.450849481100000E+04 5.450849481100000E+04 6.6699002E-10 7.998112659952706E-12
5.450916294600000E+04 5.450916294600000E+04 6.4236000E-10 9.411526331066067E-12
5.450936877700000E+04 5.450936877700000E+04 6.7673001E-10 1.214707594227946E-11
5.451009979700000E+04 5.451009979700000E+04 7.7250001E-10 1.074340011109743E-11
5.451036976500000E+04 5.451036976500000E+04 6.9861000E-10 8.087817610934586E-12
5.451110449400000E+04 5.451110449400000E+04 9.6233999E-10 1.186474203173660E-11
5.451143921200000E+04 5.451143921200000E+04 6.8416001E-10 1.178582231871407E-11
5.451210867900000E+04 5.451210867900000E+04 5.5836002E-10 1.163609597568361E-11
5.451245214000000E+04 5.451245214000000E+04 5.6161997E-10 1.003345089764519E-11
5.452630587600000E+04 5.452630587600000E+04 3.2990999E-10 5.533250654684267E-12
5.453824181800000E+04 5.453824181800000E+04 3.5775000E-10 5.794077996074575E-12
5.455655591800000E+04 5.455655591800000E+04 1.0335000E-09 9.419064045591787E-12
5.455803127000000E+04 5.455803127000000E+04 4.9676002E-10 8.779433618809499E-12
5.455823745900000E+04 5.455823745900000E+04 8.9946001E-10 1.133331899184069E-11
5.455924025300000E+04 5.455924025300000E+04 1.5198000E-09 1.392667652781302E-11
5.455991709600000E+04 5.455991709600000E+04 1.1087000E-09 1.142369103241625E-11
5.456017912900000E+04 5.456017912900000E+04 1.0427000E-09 1.162346378366085E-11
5.456118260100000E+04 5.456118260100000E+04 9.8188002E-10 1.246340451556840E-11
5.456224510000000E+04 5.456224510000000E+04 8.8166002E-10 1.097254466371085E-11
5.456418681800000E+04 5.456418681800000E+04 1.0789000E-09 1.573207661701738E-11
5.456600094800000E+04 5.456600094800000E+04 7.9613000E-10 7.705833736213969E-12
5.456706697500000E+04 5.456706697500000E+04 5.3158000E-10 8.237957163155113E-12
5.456921048200000E+04 5.456921048200000E+04 4.2136999E-10 3.738328054788313E-12
5.458884275100000E+04 5.458884275100000E+04 3.0314001E-10 4.580106527339411E-12
5.459023428700000E+04 5.459023428700000E+04 6.9085998E-10 1.223563595055089E-11
5.459117831000000E+04 5.459117831000000E+04 6.5611999E-10 6.334481442131425E-12
5.459217178900000E+04 5.459217178900000E+04 4.3380999E-10 5.642743649370296E-12
5.459317595600000E+04 5.459317595600000E+04 4.1115000E-10 5.903767878984779E-12
5.459426162300000E+04 5.459426162300000E+04 4.1227999E-10 7.056067539272577E-12
5.459491998600000E+04 5.459491998600000E+04 2.6128000E-10 5.563419368441326E-12
5.462981480200000E+04 5.462981480200000E+04 2.7549001E-09 9.818114900231336E-12
5.477886509200000E+04 5.477886509200000E+04 2.9763000E-10 4.210328161918339E-12
5.479257972300000E+04 5.479257972300000E+04 2.0334000E-10 2.145271628257948E-12
5.480383914000000E+04 5.480383914000000E+04 3.2486999E-10 3.698873458757081E-12
5.480511204700000E+04 5.480511204700000E+04 3.0041000E-10 3.207576892774321E-12
54851.086183 54851.116738 3.362e-10 2.14e-12
54853.115349 54853.141738 3.273e-10 2.27e-12
54855.076461 54855.103544 3.840e-10 2.49e-12
54857.102155 54857.136877 3.196e-10 2.77e-12
54858.510287 54858.510287 3.882e-10 7.62e-12
54859.063961 54859.090349 3.863e-10 3.10e-12
54861.097988 54861.122294 5.420e-10 3.82e-12
54863.124377 54863.155627 6.599e-10 3.92e-12
54864.683717 54864.683717 5.379e-10 7.14e-12
54865.110488 54865.141738 4.538e-10 6.64e-12
54867.082710 54867.106322 7.606e-10 5.34e-12
54869.108405 54869.135488 4.196e-10 4.13e-12
54871.134794 54871.163961 5.252e-10 4.34e-12
54873.086183 54873.124377 4.320e-10 3.48e-12
54875.053544 54875.086877 3.626e-10 2.98e-12
54877.016044 54877.047294 3.128e-10 3.00e-12
54878.586967 54878.586967 4.778e-10 5.94e-12
54879.038961 54879.072294 4.178e-10 4.00e-12
54881.002155 54881.038266 5.478e-10 3.39e-12
54883.031322 54883.060488 5.552e-10 4.67e-12
54884.989655 54885.020905 5.768e-10 4.35e-12
54885.614810 54885.614810 4.872e-10 6.64e-12
54887.015349 54887.047294 4.412e-10 4.83e-12
54889.000766 54889.009099 4.406e-10 3.90e-12
54890.998683 54891.033405 2.244e-10 1.71e-12
54892.057726 54892.057726 1.800e-10 4.62e-12
54893.089655 54893.116044 2.150e-10 1.81e-12
54895.116738 54895.154238 1.668e-10 2.45e-12
54897.075072 54897.107711 2.991e-10 2.66e-12
54899.039655 54899.070211 3.277e-10 2.76e-12
54899.096187 54899.096187 3.641e-10 1.99e-11
54900.999377 54901.032016 2.491e-10 1.97e-12
54902.963960 54903.000766 4.411e-10 2.35e-12
54904.917433 54904.953544 2.816e-10 2.21e-12
54906.581465 54906.581465 2.537e-10 5.58e-12
54906.947294 54906.980627 3.107e-10 2.35e-12
54908.976461 54909.018127 2.696e-10 2.45e-12
54910.938961 54910.973683 2.037e-10 2.51e-12
54912.947294 54912.961183 1.985e-10 5.81e-12
54913.936960 54913.936960 1.432e-10 3.75e-12
54914.932710 54914.988960 1.604e-10 2.83e-12
54914.939134 54914.939134 1.359e-10 3.54e-12
54916.924377 54916.954238 1.967e-10 3.40e-12
54916.951150 54916.951150 1.698e-10 4.77e-12
54918.950766 54918.979238 1.532e-10 3.30e-12
54918.956673 54918.956673 1.223e-10 3.59e-12
54920.920905 54920.943822 2.431e-10 3.16e-12
54922.874377 54922.904933 1.836e-10 2.77e-12
54922.978780 54922.978780 1.564e-10 5.20e-12
54924.963960 54925.000766 2.206e-10 3.24e-12
54924.982247 54924.982247 1.947e-10 4.66e-12
54926.981164 54926.981164 2.921e-10 9.34e-12
54926.999377 54927.029238 4.136e-10 3.30e-12
54928.864690 54928.864690 1.789e-10 4.40e-12
54928.951461 54928.989655 1.939e-10 2.41e-12
54930.991541 54930.991541 1.483e-10 4.77e-12
54931.000766 54931.018127 1.605e-10 2.41e-12
54932.932664 54932.932664 3.753e-10 9.49e-12
54933.004238 54933.040349 4.772e-10 7.99e-12
54935.144472 54935.144472 3.816e-10 7.14e-12
54935.154933 54935.188266 4.043e-10 2.67e-12
54936.994516 54937.032711 3.572e-10 2.31e-12
54937.016833 54937.016833 3.032e-10 5.17e-12
54938.983233 54938.983233 2.432e-10 4.79e-12
54939.013961 54939.048683 2.786e-10 2.80e-12
54940.965349 54941.002849 3.129e-10 3.06e-12
54943.008405 54943.038961 3.400e-10 3.10e-12
54943.065277 54943.065277 2.974e-10 7.18e-12
54944.186787 54944.186787 2.838e-10 4.43e-12
54945.000766 54945.006322 3.058e-10 6.04e-12
54945.002210 54945.002210 2.618e-10 4.84e-12
54946.917433 54946.953544 3.424e-10 2.55e-12
54946.940643 54946.940643 3.117e-10 6.53e-12
54948.879166 54948.879166 2.518e-10 4.31e-12
54949.216738 54949.242433 3.101e-10 2.46e-12
54950.956469 54950.956469 2.208e-10 4.94e-12
54951.188961 54951.231322 2.614e-10 2.26e-12
54952.965479 54952.965479 1.525e-10 4.30e-12
54953.210488 54953.232016 1.846e-10 1.65e-12
54954.957565 54954.957565 1.502e-10 4.81e-12
54955.177849 54955.227849 1.988e-10 1.67e-12
54959.747294 54959.770905 2.612e-10 1.90e-12
54963.933405 54963.979238 2.374e-10 2.51e-12
54965.897294 54965.945211 1.806e-10 2.63e-12
54967.926460 54967.965349 1.782e-10 2.59e-12
54968.949032 54968.949032 9.716e-11 3.32e-12
54969.907711 54969.942433 2.260e-10 4.67e-12
54971.885488 54971.905627 2.841e-10 3.38e-12
54971.914169 54971.914169 2.418e-10 1.93e-11
54972.956545 54972.956545 1.408e-10 3.61e-12
54973.159439 54973.159439 1.242e-10 3.51e-12
54973.559573 54973.559573 1.412e-10 4.23e-12
54973.760296 54973.760296 1.307e-10 4.62e-12
54973.852076 54973.852076 1.094e-10 3.69e-12
54974.160178 54974.160178 1.019e-10 3.32e-12
54974.360914 54974.360914 1.109e-10 3.61e-12
54974.642928 54974.642928 1.723e-10 4.41e-12
54974.857481 54974.857481 1.780e-10 4.51e-12
54975.033222 54975.033222 1.952e-10 2.60e-12
54976.037324 54976.037324 1.619e-10 2.79e-12
54977.040222 54977.040222 2.383e-10 2.99e-12
54978.178328 54978.178328 2.569e-10 6.50e-12
54978.445416 54978.445416 3.156e-10 6.06e-12
54978.712780 54978.712780 2.611e-10 5.43e-12
54978.914164 54978.914164 2.409e-10 5.56e-12
5.526497e+04 5.526497e+04 1.285e-09 1.030e-11
5.526498e+04 5.526498e+04 1.115e-09 1.280e-11
5.526595e+04 5.526595e+04 1.417e-09 8.800e-12
5.526598e+04 5.526598e+04 1.087e-09 1.140e-11
5.526699e+04 5.526699e+04 6.274e-10 8.740e-12
5.526700e+04 5.526700e+04 7.596e-10 1.302e-11
5.526704e+04 5.526704e+04 7.246e-10 5.480e-12
5.526792e+04 5.526792e+04 8.551e-10 1.173e-11
5.526796e+04 5.526796e+04 9.972e-10 5.400e-12
5.526893e+04 5.526893e+04 8.784e-10 1.041e-11
5.526896e+04 5.526896e+04 8.483e-10 5.850e-12
5.526987e+04 5.526987e+04 3.538e-10 7.370e-12
5.526994e+04 5.526994e+04 4.373e-10 4.820e-12
5.527096e+04 5.527096e+04 5.449e-10 5.780e-12
5.527194e+04 5.527194e+04 4.906e-10 9.830e-12
5.527201e+04 5.527201e+04 4.649e-10 5.490e-12
5.527295e+04 5.527295e+04 3.487e-10 3.270e-12
5.527393e+04 5.527393e+04 2.594e-10 2.760e-12
5.527395e+04 5.527395e+04 2.311e-10 7.500e-12
5.527498e+04 5.527498e+04 2.845e-10 5.140e-12
5.527502e+04 5.527502e+04 2.448e-10 7.380e-12
5.527595e+04 5.527595e+04 3.336e-10 6.210e-12
5.527596e+04 5.527596e+04 3.738e-10 5.120e-12
5.527601e+04 5.527601e+04 3.532e-10 7.090e-12
5.527708e+04 5.527708e+04 3.421e-10 4.640e-12
5.527711e+04 5.527711e+04 3.115e-10 4.360e-12
5.527716e+04 5.527716e+04 2.789e-10 5.790e-12
#----------------------------------
5.522829226620880E+04 5.522829226620880E+04 5.409800E-11 2.290001521743E-12
5.523010184921149E+04 5.523010184921149E+04 1.426000E-10 4.139993903252E-12
5.523204389370659E+04 5.523204389370659E+04 8.801100E-10 1.187999698615E-11
5.523419176874219E+04 5.523419176874219E+04 2.611800E-10 1.717001540946E-11
5.523521241628569E+04 5.523521241628569E+04 2.698800E-10 5.930006485855E-12
5.523606105295620E+04 5.523606105295620E+04 2.706000E-10 1.029998308866E-11
5.523700774317766E+04 5.523700774317766E+04 3.683700E-10 6.819989017970E-12
5.523806196493058E+04 5.523806196493058E+04 3.412400E-10 6.110001393722E-12
5.523907111594001E+04 5.523907111594001E+04 7.935300E-10 8.799960760086E-12
5.524000541388660E+04 5.524000541388660E+04 2.939100E-10 5.450001561158E-12
5.524201305277687E+04 5.524201305277687E+04 6.646700E-10 1.022998352695E-11
5.524302378943067E+04 5.524302378943067E+04 1.691700E-09 1.520006343014E-11
#----------------------------------
56294.7906 56294.7906 5.6e-11 4e-12
56296.9370 56296.9370 9.9e-11 6e-12
56300.1523 56300.1523 3.6e-11 3e-12
56302.1557 56302.1557 4.1e-11 3e-12
56302.3418 56302.3418 4.3e-11 3e-12
56302.4751 56302.4751 3.3e-11 2e-12
56302.6764 56302.6764 5e-11 2e-12
56302.9601 56302.9601 5.1e-11 2e-12
56304.4790 56304.4790 8.4e-11 3e-12
56307.0928 56307.0928 1.6e-10 4e-12
56307.3519 56307.3519 1.3e-10 3e-12
56310.1675 56310.1675 3.5e-11 3e-12
56312.2389 56312.2389 5.1e-11 1e-12
56314.5070 56314.5070 6.4e-11 3e-12
56317.3009 56317.3009 6.2e-11 4e-12
56320.3057 56320.3057 1e-10 5e-12
56324.6601 56324.6601 3e-10 1e-11
56327.1409 56327.1409 1.8e-10 9e-12
56329.0586 56329.0586 1.8e-10 3e-12
56333.1279 56333.1279 1.7e-10 6e-12
56335.0700 56335.0700 1.8e-10 2e-12
56338.0045 56338.0045 5.8e-11 6e-12
56340.0047 56340.0047 8.4e-11 2e-12
56342.1393 56342.1393 9e-11 3e-12
56346.3481 56346.3481 6.9e-11 4e-12
56350.3573 56350.3573 7.6e-11 5e-12
56352.3675 56352.3675 1.3e-10 8e-12
56355.9845 56355.9845 2.6e-10 6e-12
56356.0538 56356.0538 2e-10 4e-12
56358.3190 56358.3190 3.3e-10 2e-11
56363.0045 56363.0045 1.5e-10 2e-12
56366.2540 56366.2540 1.6e-10 9e-12
56368.0609 56368.0609 2e-10 2e-12
56369.0665 56369.0665 2.7e-10 8e-12
56370.0675 56370.0675 2.8e-10 8e-12
56374.2797 56374.2797 6.8e-10 2e-11
57024.963738 57024.974814 6.6681e-10 1.02000075053e-11
57026.252278 57026.298442 3.2479e-10 8.23999202204e-12
57028.7768515 57028.8483675 5.4498001e-10 7.59003970785e-12
57031.0414394 57031.1151714 1.0284e-09 1.23000498675e-11
57033.7608097 57033.7720357 6.8991002e-10 1.20199961096e-11
57035.2333723 57035.2443743 6.7806999e-10 1.01599839653e-11
57037.095611 57037.105367 4.7595999e-10 7.98999755247e-12
57039.2256593 57039.2366433 5.9138999e-10 8.87001583294e-12
57040.5443585 57040.5555045 3.6997999e-10 7.62001572951e-12
57041.4838518 57041.4951878 6.6943001e-10 9.30000521038e-12
57043.221187 57043.290741 5.4754001e-10 8.10995715028e-12
57043.4810203 57043.4977103 7.3811002e-10 8.59001758613e-12
57046.4879046 57046.4917186 4.9648002e-10 1.51400003645e-11
57047.3320441 57047.3451741 3.615e-10 6.59000631842e-12
57049.0720209 57049.0825529 4.6903997e-10 8.50999826163e-12
57051.1259167 57051.1373927 2.9124e-10 5.5500049001e-12
57053.0044533 57053.0146273 2.8548999e-10 8.59998183778e-12
57056.0568168 57056.0622848 3.1738001e-10 9.58999546441e-12
57059.3225648 57059.3325768 5.3376997e-10 1.41499589823e-11
57062.1168888 57062.1263048 4.9712001e-10 8.87995232901e-12
57064.049014 57064.12494 9.1232e-10 1.21200272041e-11
57066.0413034 57066.0528134 8.8987001e-10 1.53300150352e-11
57068.2356015 57068.2435595 5.0644999e-10 8.75000072398e-12
57070.3601297 57070.3621437 3.7837e-10 1.54100066041e-11
57074.2882083 57074.2905703 2.1589e-10 1.1659992416e-11
57076.2850371 57076.2892151 1.6776e-10 8.12000466865e-12
57078.1035018 57078.1070038 1.8835e-10 8.76999861621e-12
57080.2818194 57080.2860674 2.1454e-10 7.61000984451e-12
57082.2121451 57082.2382511 1.9675001e-10 5.90000270861e-12
57089.0117944 57089.0215684 7.9807e-10 1.174998987e-11
57092.0079255 57092.0166115 5.2843002e-10 1.07399644733e-11
57094.0672497 57094.3365717 5.7896998e-10 9.09999853249e-12
57096.2009007 57096.2124407 6.5353001e-10 9.02000696357e-12
57100.1802785 57100.1908045 3.0252001e-10 6.67998989456e-12
57102.1757872 57102.1875292 2.6332e-10 5.8799909386e-12
57103.9056108 57103.9171728 2.7013999e-10 5.77998759965e-12
57105.9675071 57105.9790011 4.2295001e-10 8.55998605331e-12
57108.0453659 57108.0569339 7.3700002e-10 9.7699626167e-12
57112.0224534 57112.0345134 1.3511e-09 1.33000277458e-11
57112.8343861 57112.9550741 1.0428e-09 9.4000363049e-12
57113.4837153 57113.5008213 9.1341001e-10 9.78001013507e-12
57114.2202077 57114.3632057 8.2160001e-10 6.49003073505e-12
57115.414845 57115.427547 4.7055998e-10 8.33999536098e-12
57116.9454001 57116.9582001 8.5027002e-10 1.04699582337e-11
57119.9392058 57119.9485398 3.1778e-10 6.55001053396e-12
57121.8815326 57121.9423486 6.0096e-10 9.72999458781e-12
57123.3334975 57123.3463035 7.5139001e-10 9.79999414952e-12
57125.744581 57125.753945 7.4563e-10 1.14999676448e-11
57126.3288451 57126.4118371 7.1751999e-10 1.1339984507e-11
57127.260005 57127.272013 4.0393999e-10 6.32000007883e-12
57129.1900557 57129.1971097 5.1964e-10 9.31998922482e-12
57130.1223099 57130.1332019 2.9180999e-10 6.20001272544e-12
57131.1878059 57131.1952079 2.4369001e-10 7.32999771991e-12
57132.8653845 57132.8769185 5.5851002e-10 7.69001529122e-12
57133.3180956 57133.3298256 4.9213e-10 7.71999131288e-12
57134.9299356 57134.9408436 5.6176003e-10 8.82000028568e-12
57137.0448151 57137.0700811 2.5690999e-10 5.78997960687e-12
57140.2432553 57140.2546273 2.9155001e-10 7.01999569586e-12
57141.9124378 57141.9234558 3.9417999e-10 6.64998611732e-12
57147.2229615 57147.2936215 4.5341e-10 7.53999640501e-12
57148.9514263 57148.9629943 4.5019999e-10 7.97001353803e-12
57150.1477849 57150.1602269 2.0590001e-10 4.83001139084e-12
57152.1493265 57152.1618145 2.5055999e-10 5.49998935284e-12
57154.2133753 57154.2271373 3.2951e-10 5.97000227032e-12
57156.201748 57156.213114 2.5367e-10 5.66000024627e-12
57158.1426901 57158.1554741 1.8889e-10 4.32000268891e-12
57160.9243896 57160.9358836 2.4838001e-10 5.0699999754e-12
57161.7891257 57161.8004857 2.9343e-10 5.54997714453e-12
57162.9199887 57162.9311467 3.0950001e-10 6.1000093865e-12
57163.9176159 57163.9276859 1.8499e-10 4.81999162805e-12
57166.4641274 57166.4693534 2.8819999e-10 8.99999519355e-12
57167.9096521 57168.9179561 1.4186e-10 6.09000350149e-12
57171.8981136 57171.9096416 4.9968002e-10 7.41001704441e-12
57172.238183 57172.249075 6.4708e-10 9.27996568478e-12
57174.0314354 57174.0429054 5.7762001e-10 8.82000028568e-12
57175.3610165 57175.3712705 4.1602e-10 7.35997374157e-12
57176.4343216 57176.4464576 3.8360001e-10 1.03800024132e-11
57178.8871088 57178.8902108 4.0799999e-10 1.32800159758e-11
57181.8330436 57181.9540336 1.2644e-10 5.82998926912e-12
57182.4819245 57182.4923125 1.8562001e-10 5.99999216977e-12
57184.8937936 57184.8993196 1.8085e-10 6.81001088854e-12
57189.0044592 57189.0138052 4.7984999e-10 8.28997981372e-12
57190.9431918 57190.9547198 3.875e-10 6.70999367181e-12
57192.9248127 57193.5359347 1.0774e-10 2.63999933026e-12
57193.9219877 57193.9345977 8.6338998e-11 2.84799961392e-12
57194.9277918 57194.9400778 4.9483001e-11 2.35399894022e-12
57364.4313519 57364.4428739 2.4154e-11 1.51400073034e-12
57367.4882427 57367.4992327 1.2118e-10 3.14999415441e-12
57370.4168452 57370.4290972 4.2862e-10 6.45000719501e-12
57373.4757732 57373.4874632 4.0612999e-10 6.88998857967e-12
57374.2047057 57374.9500297 2.5413999e-10 2.33998931343e-12
57375.2099123 57375.8851723 2.1891e-10 2.17999229779e-12
57376.2036501 57376.2720941 1.8354e-10 2.97999125376e-12
57376.4026895 57376.6068395 1.8749e-10 2.13000450611e-12
57377.59744 57377.675518 4.1046999e-10 5.51000911564e-12
57378.4563496 57378.5276576 2.4624999e-10 3.85000364922e-12
57379.4612426 57379.5240606 2.162e-10 4.8600012903e-12
57380.7925373 57380.8039373 3.1099001e-10 6.26002027992e-12
57381.5203034 57381.5324554 2.2485e-10 5.48999734562e-12
57382.8530069 57382.8645569 2.7236e-10 5.59000068456e-12
57383.1206084 57383.1318304 4.0792e-10 6.49000297948e-12
57385.050169 57385.061083 2.5808e-10 5.1500192999e-12
57386.5010647 57386.5122907 7.8806001e-10 1.04399822121e-11
57387.7654486 57387.7763286 7.523e-10 1.14400156015e-11
57388.5633587 57388.5749627 3.2392e-10 6.29998830881e-12
57389.6281407 57389.6393627 3.3846001e-10 5.90999471584e-12
57390.6911413 57390.7032933 4.0157999e-10 6.36998787051e-12
57391.5567317 57391.5678657 5.0282001e-10 8.17002021591e-12
57392.1688608 57392.1784548 4.3741e-10 7.70000729844e-12
57393.686574 57393.6964 4.3524001e-10 7.39999728161e-12
57394.1682935 57394.2368115 3.4252001e-10 6.1700089482e-12
57394.4167216 57394.4386496 3.4063e-10 7.76997910457e-12
57395.4834561 57395.5011821 2.4658001e-10 4.8600012903e-12
57396.155625 57396.165857 3.4153999e-10 6.30998031603e-12
57397.4740164 57397.4847684 2.8227001e-10 5.56998891454e-12
57398.2180532 57398.2290132 3.6181999e-10 6.14000517096e-12
57400.2104092 57400.2217352 3.9576001e-10 7.03001545865e-12
57400.4041246 57400.4154846 3.7626e-10 6.48001097225e-12
57402.204856 57402.215938 2.7429001e-10 6.019990062e-12
57403.3949209 57403.4060609 2.9960001e-10 5.97999427754e-12
57404.1342083 57404.1463723 4.3897999e-10 1.00200125974e-11
57408.1918491 57408.2013631 3.6459e-10 6.94000412693e-12
57414.090567 57414.101411 1.3695001e-10 3.99999477985e-12
57416.4218057 57416.4331017 4.148e-10 1.10499942529e-11
57418.0229741 57418.0339581 3.0007999e-10 5.9600102631e-12
57420.1375996 57420.1484096 3.0903e-10 6.05002159482e-12
57422.1343498 57422.1409058 4.0975001e-11 5.89200216394e-12
57424.3248075 57424.3365835 1.0836e-10 3.49999890181e-12
57425.2554046 57425.2664806 9.1653997e-11 3.8350017606e-12
57426.1858978 57426.1998038 1.5725e-10 4.15999179548e-12
57426.4518196 57426.4638516 1.3162001e-10 3.47999407069e-12
57428.3124074 57428.3242834 1.051e-10 3.09999942383e-12
57430.1754766 57430.1851586 4.0294001e-11 2.56399762533e-12
57430.312037 57430.322969 3.2807e-11 1.93199969911e-12
57432.3035736 57432.3164436 7.6164998e-11 2.67699751255e-12
57436.157287 57436.229695 4.9661001e-11 2.0830004388e-12
57438.2190626 57438.2277366 6.6022e-11 3.11299597211e-12
57451.2667637 57451.2776597 5.6879002e-11 2.66400096427e-12
57453.0568865 57453.0678245 6.3310003e-11 2.47100256923e-12
57453.3118613 57453.3213173 5.7528999e-11 2.75200001676e-12
57455.3071312 57455.3150252 6.0195002e-11 3.25599616713e-12
57457.2981201 57457.3081781 3.2073001e-11 1.91999888211e-12
57459.9032414 57459.9150354 3.3840999e-11 1.87800122675e-12
57460.9576992 57460.9692152 7.7536998e-11 3.79599823797e-12
57463.0800577 57463.0907397 5.5212002e-11 2.42699957353e-12
57473.989137 57474.000699 5.9952002e-11 2.58399551756e-12
57476.2382013 57476.2498093 2.1729001e-10 5.15000542212e-12
57477.9742405 57477.9853805 2.3614e-10 5.64999436126e-12
57478.1652871 57478.1783311 2.7027999e-10 5.41999778392e-12
57480.237123 57480.307649 2.7450001e-10 5.93999849308e-12
57482.0209146 57482.0296586 1.7571e-10 4.87000717531e-12
57482.2861161 57482.2986101 1.4618e-10 3.59999530186e-12
57484.2141205 57484.2247925 1.6607e-10 4.6499887274e-12
57485.8934976 57485.9463336 1.751e-10 5.73999181519e-12
57487.8881439 57487.9611599 2.2779e-10 5.7499977002e-12
57489.8821345 57489.9561225 1.5034e-10 4.16000567327e-12
57491.8753197 57491.9472297 1.4272999e-10 3.97000488039e-12
57499.7772757 57499.7787977 1.1916e-10 1.02700001281e-11
57505.0275809 57505.0382169 2.9336999e-10 6.28000429437e-12
57505.9617243 57505.9736003 2.7572e-10 5.69999603073e-12
57506.9563636 57506.9678336 2.9484001e-10 6.59999832564e-12
57509.9439078 57509.9546838 3.6589001e-10 7.08000325034e-12
57511.9322008 57511.9428428 1.4993e-10 4.14000778104e-12
57513.9374627 57513.9477867 9.7051998e-11 3.09199887916e-12
57515.9185604 57515.9303544 1.6956e-10 4.54999926625e-12
57517.9159906 57517.9284446 2.2604001e-10 5.04001007595e-12
57519.9152126 57519.9263066 1.3597e-10 4.10999012601e-12
57520.9745649 57520.9852769 7.4313e-11 2.62599664236e-12
57527.6142988 57527.6887828 2.1354001e-10 5.14999154433e-12
57534.5944003 57534.6075303 6.8257e-10 9.4700358666e-12
57538.2543659 57538.2603159 4.9484999e-10 1.19899645767e-11
57541.2410765 57541.2527545 3.7569001e-10 6.57998655562e-12
57542.9036066 57542.9053366 2.8684999e-10 1.49899814783e-11
57544.7789025 57544.7881685 1.4903e-10 4.56000515126e-12
57546.2946475 57546.3638895 4.3410001e-10 7.63999974396e-12
57548.4871506 57548.4985386 1.339e-09 1.31999966513e-11
57549.6241015 57549.6356635 1.101e-09 1.28000943178e-11
57550.4118908 57550.4232628 3.1666e-10 6.83000878077e-12
57550.8261969 57550.8374989 2.9981001e-10 5.79999936967e-12
57551.2820857 57551.2900897 2.9558e-10 7.26999016543e-12
57551.8228403 57551.8331703 5.5945998e-10 8.67000915505e-12
57555.0095345 57555.0200205 3.5277001e-10 7.48998085776e-12
