5.418242146100000E+04 5.418242146100000E+04 4.1827000E-10 4.387726433429418E-12
5.418925277100000E+04 5.418925277100000E+04 6.0390998E-10 5.044155519203225E-12
5.419628123400000E+04 5.419628123400000E+04 3.7702999E-10 4.166014952413688E-12
5.420317005700000E+04 5.420317005700000E+04 7.7897000E-10 5.123935745418454E-12
5.420431587000000E+04 5.420431587000000E+04 7.9078999E-10 1.213135627710227E-11
5.421830178900000E+04 5.421830178900000E+04 4.0077000E-10 4.992411719454436E-12
5.422432508100000E+04 5.422432508100000E+04 3.5190001E-10 4.242292431624147E-12
5.423215807500000E+04 5.423215807500000E+04 3.5433001E-10 5.201276839554399E-12
5.438064083300000E+04 5.438064083300000E+04 3.2179001E-10 3.092022583771226E-12
5.438064671900000E+04 5.438064671900000E+04 4.1442999E-10 2.377448061924050E-12
5.438164430600000E+04 5.438164430600000E+04 3.3754999E-10 3.083825647425919E-12
5.438165019100000E+04 5.438165019100000E+04 4.3333001E-10 2.242565583248859E-12
5.438701143900000E+04 5.438701143900000E+04 5.9040001E-10 1.234999747079487E-12
5.438962046200000E+04 5.438962046200000E+04 4.4988999E-10 3.075550328034695E-12
5.438962658000000E+04 5.438962658000000E+04 4.4682999E-10 2.905351229121625E-12
5.439705086200000E+04 5.439705086200000E+04 7.9744000E-10 2.298997520179755E-12
5.439805364200000E+04 5.439805364200000E+04 1.0027000E-09 2.761564833739668E-12
5.441746322600000E+04 5.441746322600000E+04 6.9978001E-10 5.839641543717012E-12
5.441853090400000E+04 5.441853090400000E+04 7.5682000E-10 4.565258309336312E-12
5.441941941300000E+04 5.441941941300000E+04 7.5702000E-10 5.282108806050577E-12
5.442035368400000E+04 5.442035368400000E+04 6.8502998E-10 4.471100081492993E-12
5.442135780300000E+04 5.442135780300000E+04 5.1852000E-10 4.775553312797283E-12
5.442243104500000E+04 5.442243104500000E+04 6.7216999E-10 9.465600363440933E-12
5.442348622000000E+04 5.442348622000000E+04 4.7679999E-10 2.463486818607003E-12
5.442843891000000E+04 5.442843891000000E+04 7.0561001E-10 4.143828748355933E-12
5.444933834900000E+04 5.444933834900000E+04 8.8726998E-10 5.110360890338974E-12
5.446566945500000E+04 5.446566945500000E+04 9.8543995E-10 4.929781554423941E-12
5.447268497000000E+04 5.447268497000000E+04 6.7311001E-10 4.764774086247243E-12
5.447310649800000E+04 5.447310649800000E+04 7.8374002E-10 4.788595330304625E-12
5.447417220800000E+04 5.447417220800000E+04 8.2431001E-10 5.693313687946699E-12
5.447442731700000E+04 5.447442731700000E+04 8.2043999E-10 5.101658693346620E-12
5.447510546500000E+04 5.447510546500000E+04 9.2003999E-10 5.776833575889406E-12
5.447536471100000E+04 5.447536471100000E+04 8.4306001E-10 6.318981884964897E-12
5.447737289400000E+04 5.447737289400000E+04 7.5237000E-10 6.004723609526271E-12
5.447837705800000E+04 5.447837705800000E+04 1.1103000E-09 6.776173182476798E-12
5.447926104100000E+04 5.447926104100000E+04 8.2479001E-10 8.110323735742278E-12
5.448114099100000E+04 5.448114099100000E+04 1.0700000E-09 7.614510658440646E-12
5.448139794200000E+04 5.448139794200000E+04 1.0364000E-09 7.559773895318421E-12
5.448214679100000E+04 5.448214679100000E+04 8.3064000E-10 6.838429278942338E-12
5.448240293200000E+04 5.448240293200000E+04 9.0488000E-10 7.941966851174299E-12
5.448321039500000E+04 5.448321039500000E+04 8.8881003E-10 8.664512983037800E-12
5.448348065500000E+04 5.448348065500000E+04 9.7579000E-10 7.219188288018514E-12
5.448421641900000E+04 5.448421641900000E+04 9.4542996E-10 7.815316829422795E-12
5.450242221600000E+04 5.450242221600000E+04 1.5126000E-09 9.852273704125432E-12
5.450287046400000E+04 5.450287046400000E+04 1.3323000E-09 8.709377668734026E-12
5.450420940000000E+04 5.450420940000000E+04 1.2854000E-09 6.485593472469279E-12
5.450615025800000E+04 5.450615025800000E+04 1.2997000E-09 6.999819781393179E-12
5.450642496500000E+04 5.450642496500000E+04 1.2921000E-09 8.811418705867956E-12
5.450715510100000E+04 5.450715510100000E+04 1.2477001E-09 6.585997291654033E-12
5.450742774700000E+04 5.450742774700000E+04 1.2043000E-09 7.042735742802017E-12
5.450809280700000E+04 5.450809280700000E+04 1.0362000E-09 5.117965846624087E-12
5.450849481100000E+04 5.450849481100000E+04 1.1959000E-09 6.801302819653216E-12
5.450916294600000E+04 5.450916294600000E+04 1.2259000E-09 8.637937471517230E-12
5.450936877700000E+04 5.450936877700000E+04 1.2186000E-09 1.078402171172719E-11
5.451009979700000E+04 5.451009979700000E+04 1.2297000E-09 8.817465855769359E-12
5.451036976500000E+04 5.451036976500000E+04 1.1209000E-09 5.510436287630717E-12
5.451110449400000E+04 5.451110449400000E+04 1.3039000E-09 8.098653751150972E-12
5.451143921200000E+04 5.451143921200000E+04 1.0882000E-09 8.932730650138111E-12
5.451210867900000E+04 5.451210867900000E+04 9.6816999E-10 9.732757189668434E-12
5.451245214000000E+04 5.451245214000000E+04 1.0834000E-09 9.157206587757613E-12
5.452630587600000E+04 5.452630587600000E+04 7.8937001E-10 5.730038179457614E-12
5.453824181800000E+04 5.453824181800000E+04 7.9529000E-10 6.967831155055936E-12
5.455655591800000E+04 5.455655591800000E+04 1.2101000E-09 5.369204505671683E-12
5.455803127000000E+04 5.455803127000000E+04 8.1964002E-10 7.388220001802533E-12
5.455823745900000E+04 5.455823745900000E+04 1.1420001E-09 7.288070561137135E-12
5.455924025300000E+04 5.455924025300000E+04 1.4863000E-09 6.669983445143916E-12
5.455991709600000E+04 5.455991709600000E+04 1.4143000E-09 7.714890027331172E-12
5.456017912900000E+04 5.456017912900000E+04 1.2921000E-09 7.844567625014778E-12
5.456118260100000E+04 5.456118260100000E+04 9.8560005E-10 5.760463010800654E-12
5.456224510000000E+04 5.456224510000000E+04 1.0533000E-09 6.516551934191440E-12
5.456418681800000E+04 5.456418681800000E+04 1.2680000E-09 9.739252660405099E-12
5.456600094800000E+04 5.456600094800000E+04 1.0230000E-09 4.778675453374135E-12
5.456706697500000E+04 5.456706697500000E+04 8.4509999E-10 5.966367510112549E-12
5.456921048200000E+04 5.456921048200000E+04 6.9492001E-10 3.487039355889640E-12
5.458884275100000E+04 5.458884275100000E+04 5.2815002E-10 3.845516615105178E-12
5.459023428700000E+04 5.459023428700000E+04 9.4732000E-10 8.442247165751773E-12
5.459117831000000E+04 5.459117831000000E+04 1.2124000E-09 5.219000737794863E-12
5.459217178900000E+04 5.459217178900000E+04 8.1028001E-10 5.341277412501952E-12
5.459317595600000E+04 5.459317595600000E+04 8.3349000E-10 5.002572344699757E-12
5.459426162300000E+04 5.459426162300000E+04 7.9271001E-10 7.351989987333324E-12
5.459491998600000E+04 5.459491998600000E+04 6.4339001E-10 6.792361174522538E-12
5.462981480200000E+04 5.462981480200000E+04 2.3664000E-09 3.989071885586116E-12
5.477886509200000E+04 5.477886509200000E+04 6.7455003E-10 3.651983238725753E-12
5.479257972300000E+04 5.479257972300000E+04 5.2138999E-10 2.622468893840481E-12
5.480383914000000E+04 5.480383914000000E+04 6.4351002E-10 3.289853850655333E-12
5.480511204700000E+04 5.480511204700000E+04 6.0285998E-10 2.473752393794070E-12
54858.510287 54858.510287 5.908e-10 5.06e-12
54864.683717 54864.683717 8.242e-10 4.59e-12
54878.586967 54878.586967 7.611e-10 3.71e-12
54885.614810 54885.614810 8.313e-10 4.64e-12
54892.057726 54892.057726 4.787e-10 5.58e-12
54899.096187 54899.096187 5.509e-10 1.53e-11
54906.581465 54906.581465 6.202e-10 5.90e-12
54913.936960 54913.936960 4.293e-10 5.23e-12
54914.939134 54914.939134 4.233e-10 5.19e-12
54916.951150 54916.951150 3.615e-10 4.65e-12
54918.956673 54918.956673 3.282e-10 5.05e-12
54922.978780 54922.978780 3.866e-10 5.89e-12
54924.982247 54924.982247 4.389e-10 4.80e-12
54926.981164 54926.981164 5.873e-10 6.81e-12
54928.864690 54928.864690 4.786e-10 5.44e-12
54930.991541 54930.991541 4.169e-10 5.51e-12
54932.932664 54932.932664 8.072e-10 8.27e-12
54935.144472 54935.144472 7.170e-10 5.46e-12
54937.016833 54937.016833 6.493e-10 4.65e-12
54938.983233 54938.983233 5.613e-10 4.95e-12
54943.065277 54943.065277 5.746e-10 5.67e-12
54944.186787 54944.186787 6.476e-10 4.66e-12
54945.002210 54945.002210 6.062e-10 5.38e-12
54946.940643 54946.940643 6.461e-10 5.55e-12
54948.879166 54948.879166 5.363e-10 4.52e-12
54950.956469 54950.956469 5.012e-10 4.86e-12
54952.965479 54952.965479 3.916e-10 5.84e-12
54954.957565 54954.957565 4.563e-10 8.31e-12
54968.949032 54968.949032 3.643e-10 4.34e-12
54971.914169 54971.914169 6.299e-10 1.70e-11
54972.956545 54972.956545 5.296e-10 6.98e-12
54973.159439 54973.159439 4.600e-10 5.54e-12
54973.559573 54973.559573 4.742e-10 5.60e-12
54973.760296 54973.760296 5.042e-10 6.96e-12
54973.852076 54973.852076 4.067e-10 6.24e-12
54974.160178 54974.160178 3.937e-10 6.10e-12
54974.360914 54974.360914 3.928e-10 5.64e-12
54974.642928 54974.642928 4.685e-10 5.11e-12
54974.857481 54974.857481 4.834e-10 5.54e-12
54975.033222 54975.033222 5.808e-10 3.42e-12
54976.037324 54976.037324 4.933e-10 3.06e-12
54977.040222 54977.040222 5.930e-10 2.97e-12
54978.178328 54978.178328 5.719e-10 5.98e-12
54978.445416 54978.445416 6.189e-10 4.87e-12
54978.712780 54978.712780 6.020e-10 4.97e-12
54978.914164 54978.914164 5.860e-10 4.83e-12
#----- 2010 Feb: 
5.522829226620880E+04 5.522829226620880E+04 1.830600E-10 3.649996971333E-12
5.523010184921149E+04 5.523010184921149E+04 3.608700E-10 5.009992420923E-12
5.523204389370659E+04 5.523204389370659E+04 1.172300E-09 7.500000620553E-12
5.523419176874219E+04 5.523419176874219E+04 4.392700E-10 1.406999516895E-11
5.523521241628569E+04 5.523521241628569E+04 5.515300E-10 6.299960553235E-12
5.523606105295620E+04 5.523606105295620E+04 4.313300E-10 9.179990101416E-12
5.523700774317766E+04 5.523700774317766E+04 5.823300E-10 4.799993735816E-12
5.523806196493058E+04 5.523806196493058E+04 6.388000E-10 6.150024933760E-12
5.523907111594001E+04 5.523907111594001E+04 1.143200E-09 6.299960553235E-12
5.524000541388660E+04 5.524000541388660E+04 6.669900E-10 6.720013434602E-12
5.524201305277687E+04 5.524201305277687E+04 1.092500E-09 7.630007736736E-12
5.524302378943067E+04 5.524302378943067E+04 1.726300E-09 7.099987264780E-12
#----------------
5.526498e+04 5.526498e+04 1.062e-09 5.240e-12
5.526598e+04 5.526598e+04 1.194e-09 5.800e-12
5.526699e+04 5.526699e+04 8.884e-10 6.070e-12
5.526792e+04 5.526792e+04 1.148e-09 6.200e-12
5.526893e+04 5.526893e+04 1.028e-09 6.050e-12
5.526987e+04 5.526987e+04 7.542e-10 6.250e-12
5.527194e+04 5.527194e+04 7.331e-10 6.100e-12
5.527395e+04 5.527395e+04 4.403e-10 8.180e-12
5.527502e+04 5.527502e+04 5.431e-10 7.300e-12
5.527595e+04 5.527595e+04 5.631e-10 4.620e-12
5.527601e+04 5.527601e+04 6.064e-10 6.490e-12
5.527716e+04 5.527716e+04 5.566e-10 4.830e-12
56294.7906 56294.7906 1.77e-10 4e-12
56296.9370 56296.9370 2.327e-10 2.6e-12
56300.1523 56300.1523 8.66e-11 3.5e-12
56302.1557 56302.1557 1.139e-10 1.8e-12
56302.3418 56302.3418 1.229e-10 1.8e-12
56302.4751 56302.4751 1.16e-10 4e-12
56302.6764 56302.6764 1.213e-10 1.7e-12
56302.9601 56302.9601 1.305e-10 1.7e-12
56304.4790 56304.4790 1.78e-10 5e-12
56307.0928 56307.0928 2.741e-10 1.7e-12
56307.3519 56307.3519 2.803e-10 1.7e-12
56310.1675 56310.1675 1.064e-10 2.7e-12
56312.2389 56312.2389 1.208e-10 9e-13
56314.5070 56314.5070 1.37e-10 2.6e-12
56317.3009 56317.3009 1.47e-10 2.6e-12
56320.3057 56320.3057 2.12e-10 5e-12
56324.6601 56324.6601 3.96e-10 6e-12
56327.1409 56327.1409 3.35e-10 4e-12
56329.0586 56329.0586 2.52e-10 8e-13
56333.1279 56333.1279 2.53e-10 5e-12
56335.0700 56335.0700 2.818e-10 2.5e-12
56338.0045 56338.0045 1.481e-10 2.6e-12
56340.0047 56340.0047 1.694e-10 8e-13
56342.1393 56342.1393 1.581e-10 2.5e-12
56346.3481 56346.3481 1.83e-10 5e-12
56350.3573 56350.3573 1.525e-10 3.4e-12
56352.3675 56352.3675 1.98e-10 4e-12
56355.9845 56355.9845 4.59e-10 7e-12
56356.0538 56356.0538 3.783e-10 3.4e-12
56358.3190 56358.3190 3.86e-10 8e-12
56363.0045 56363.0045 2.869e-10 1.7e-12
56366.2540 56366.2540 2.193e-10 2.4e-12
56368.0609 56368.0609 2.761e-10 1.6e-12
56369.0665 56369.0665 3.56e-10 4e-12
56370.0675 56370.0675 3.45e-10 5e-12
56374.2797 56374.2797 5.97e-10 5e-12
57024.963738 57024.963738 1.0008e-09 5.01004793207e-12
57026.252278 57026.252278 6.7910999e-10 6.31000807161e-12
57028.7768515 57028.7768515 8.6587998e-10 4.78000972137e-12
57031.0414394 57031.0414394 1.3126e-09 6.1000093865e-12
57033.7608097 57033.7608097 8.9777002e-10 5.53002088566e-12
57035.2333723 57035.2333723 8.8647001e-10 5.47001333118e-12
57037.095611 57037.095611 8.3800999e-10 5.03996844259e-12
57039.2256593 57039.2256593 8.1705998e-10 5.22998311325e-12
57040.5443585 57040.5443585 7.3162998e-10 5.0699999754e-12
57041.4838518 57041.4838518 1.1030999e-09 5.67990099398e-12
57043.221187 57043.221187 7.3704998e-10 3.98997501705e-12
57043.4810203 57043.4810203 9.6637998e-10 4.13996614768e-12
57046.4879046 57046.4879046 7.2612e-10 8.78003225679e-12
57047.3320441 57047.3320441 6.4775002e-10 4.34996483278e-12
57049.0720209 57049.0720209 1.0782e-09 6.39999164775e-12
57051.1259167 57051.1259167 6.1073002e-10 4.06996658597e-12
57053.0044533 57053.0044533 7.5424e-10 8.40000291547e-12
57056.0568168 57056.0568168 6.0326999e-10 7.6599837584e-12
57059.3225648 57059.3225648 6.8348999e-10 7.1300187976e-12
57062.1168888 57062.1168888 8.9345997e-10 6.09001737928e-12
57064.049014 57064.049014 8.6120999e-10 5.15998355155e-12
57066.0413034 57066.0413034 1.0384e-09 6.74998945627e-12
57068.2356015 57068.2356015 7.5327e-10 5.59002844014e-12
57070.3601297 57070.3601297 6.6664002e-10 1.03400066287e-11
57074.2882083 57074.2882083 6.1096e-10 9.42002031934e-12
57076.2850371 57076.2850371 5.4514998e-10 7.61998797394e-12
57078.1035018 57078.1035018 5.5244997e-10 9.02999897079e-12
57080.2818194 57080.2818194 5.6232002e-10 7.33002547548e-12
57082.2121451 57082.2121451 4.1034001e-10 4.51000348178e-12
57089.0117944 57089.0117944 1.1249e-09 6.30007157554e-12
57092.0079255 57092.0079255 9.3720998e-10 7.01000368863e-12
57094.0672497 57094.0672497 9.1350999e-10 6.25000051713e-12
57096.2009007 57096.2009007 9.9937003e-10 6.02001781758e-12
57100.1802785 57100.1802785 6.7901001e-10 5.20999909881e-12
57102.1757872 57102.1757872 6.1319999e-10 5.89001070139e-12
57103.9056108 57103.9056108 6.4501998e-10 4.94004837037e-12
57105.9675071 57105.9675071 8.3927998e-10 5.30997468218e-12
57108.0453659 57108.0453659 1.1962999e-09 5.10003150822e-12
57112.0224534 57112.0224534 1.6777e-09 6.1000093865e-12
57112.8343861 57112.8343861 1.6276001e-09 5.49993384169e-12
57113.4837153 57113.4837153 1.4846e-09 5.40001376947e-12
57114.2202077 57114.2202077 1.2772e-09 4.59998705793e-12
57115.414845 57115.414845 9.5370001e-10 6.6500138729e-12
57116.9454001 57116.9454001 1.3895e-09 5.20006260274e-12
57119.9392058 57119.9392058 6.3935002e-10 4.79000172859e-12
57121.8815326 57121.8815326 9.4721997e-10 5.81995562854e-12
57123.3334975 57123.3334975 1.0402e-09 5.22998311325e-12
57125.744581 57125.744581 1.0877e-09 5.83000314691e-12
57126.3288451 57126.3288451 1.1222e-09 6.24000850991e-12
57127.260005 57127.260005 7.6036e-10 4.50001147456e-12
57129.1900557 57129.1900557 8.2959001e-10 7.15999481926e-12
57130.1223099 57130.1223099 7.1720002e-10 4.72000216689e-12
57131.1878059 57131.1878059 5.6365002e-10 7.77000686014e-12
57132.8653845 57132.8653845 9.4619002e-10 5.15004705548e-12
57133.3180956 57133.3180956 9.2640001e-10 5.22998311325e-12
57134.9299356 57134.9299356 9.4286001e-10 5.32002220055e-12
57137.0448151 57137.0448151 6.5483002e-10 4.50001147456e-12
57140.2432553 57140.2432553 7.8465001e-10 6.1700089482e-12
57141.9124378 57141.9124378 8.1423002e-10 4.67997862685e-12
57147.2229615 57147.2229615 6.8112999e-10 4.16000567327e-12
57148.9514263 57148.9514263 6.5295003e-10 4.03999056431e-12
57150.1477849 57150.1477849 4.1140999e-10 3.38998273897e-12
57152.1493265 57152.1493265 4.7316001e-10 3.8299918792e-12
57154.2133753 57154.2133753 6.1969002e-10 4.48996395619e-12
57156.201748 57156.201748 5.7798e-10 4.55002702182e-12
57158.1426901 57158.1426901 5.1527999e-10 3.50000584071e-12
57160.9243896 57160.9243896 5.8168997e-10 4.39998038004e-12
57161.7891257 57161.7891257 5.5485e-10 4.33003632949e-12
57162.9199887 57162.9199887 5.7552002e-10 3.61000118687e-12
57163.9176159 57163.9176159 5.0235999e-10 4.43997616451e-12
57166.4641274 57166.4641274 6.1949001e-10 6.64002186568e-12
57167.9096521 57167.9096521 4.0100001e-10 5.80999137689e-12
57171.8981136 57171.8981136 9.6552e-10 4.8600012903e-12
57172.238183 57172.238183 1.2043e-09 5.50004486399e-12
57174.0314354 57174.0314354 1.0558e-09 5.19001508437e-12
57175.3610165 57175.3610165 7.8429002e-10 4.96003238482e-12
57176.4343216 57176.4343216 6.4944999e-10 6.54998277838e-12
57178.8871088 57178.8871088 7.4967998e-10 8.12999667588e-12
57181.8330436 57181.8330436 3.2361999e-10 5.36001798501e-12
57182.4819245 57182.4819245 4.2279e-10 4.82999751306e-12
57184.8937936 57184.8937936 4.6019e-10 4.88001306032e-12
57189.0044592 57189.0044592 1.0966e-09 6.27997653879e-12
57190.9431918 57190.9431918 9.9729003e-10 5.42998979114e-12
57192.9248127 57192.9248127 4.3824e-10 2.95000135431e-12
57193.9219877 57193.9219877 3.5309e-10 3.52998186237e-12
57194.9277918 57194.9277918 2.2078001e-10 2.83000012313e-12
57364.4313519 57364.4313519 1.6798e-10 3.35000083229e-12
57367.4882427 57367.4882427 4.2588e-10 3.78999609474e-12
57370.4168452 57370.4168452 9.6508002e-10 4.58000304349e-12
57373.4757732 57373.4757732 8.2249002e-10 4.930000852e-12
57374.2047057 57374.2047057 5.7812999e-10 1.88998816597e-12
57375.2099123 57375.2099123 5.3841998e-10 1.88998816597e-12
57376.2036501 57376.2036501 4.9238003e-10 2.52001197687e-12
57376.4026895 57376.4026895 5.0079002e-10 1.67998948086e-12
57377.59744 57377.59744 6.1517003e-10 3.15997228384e-12
57378.4563496 57378.4563496 6.1375999e-10 3.23996385276e-12
57379.4612426 57379.4612426 6.1367e-10 4.9099613264e-12
57380.7925373 57380.7925373 6.7717998e-10 4.59998705793e-12
57381.5203034 57381.5203034 5.9075e-10 4.20002921331e-12
57382.8530069 57382.8530069 7.1653e-10 5.00999242092e-12
57383.1206084 57383.1206084 7.6194001e-10 4.38998837282e-12
57385.050169 57385.050169 6.0597999e-10 4.62002658352e-12
57386.5010647 57386.5010647 1.2003e-09 5.10003150822e-12
57387.7654486 57387.7654486 1.2553e-09 6.80000500353e-12
57388.5633587 57388.5633587 8.1286999e-10 4.66998661963e-12
57389.6281407 57389.6281407 8.8225e-10 5.60002044736e-12
57390.6911413 57390.6911413 1.0282e-09 5.4100057767e-12
57391.5567317 57391.5567317 1.1944e-09 5.89994719746e-12
57392.1688608 57392.1688608 1.1664e-09 6.1000093865e-12
57393.686574 57393.686574 9.4174002e-10 6.33998409327e-12
57394.1682935 57394.1682935 8.96e-10 5.49998935284e-12
57394.4167216 57394.4167216 9.5488994e-10 6.94999613415e-12
57395.4834561 57395.4834561 6.8043998e-10 4.32004432227e-12
57396.155625 57396.155625 8.4051999e-10 6.1700089482e-12
57397.4740164 57397.4740164 8.0139001e-10 5.87996318302e-12
57398.2180532 57398.2180532 8.4774998e-10 5.00999242092e-12
57400.2104092 57400.2104092 8.4930002e-10 5.42998979114e-12
57400.4041246 57400.4041246 7.8259998e-10 4.769962203e-12
57402.204856 57402.204856 7.2336998e-10 5.39002176225e-12
57403.3949209 57403.3949209 7.6360002e-10 4.92000884478e-12
57404.1342083 57404.1342083 1.154e-09 1.05999653499e-11
57408.1918491 57408.1918491 7.5676998e-10 5.04002395374e-12
57414.090567 57414.090567 3.9772e-10 4.74001393691e-12
57416.4218057 57416.4218057 1.1304e-09 1.02600150598e-11
57418.0229741 57418.0229741 7.3957002e-10 5.91998672306e-12
57420.1375996 57420.1375996 8.5754998e-10 6.63002985846e-12
57422.1343498 57422.1343498 1.6781e-10 5.6799981385e-12
57424.3248075 57424.3248075 2.8913999e-10 3.69998476302e-12
57425.2554046 57425.2554046 2.4206001e-10 3.81000786476e-12
57426.1858978 57426.1858978 4.8054e-10 4.74997818856e-12
57426.4518196 57426.4518196 4.2886e-10 4.47999970454e-12
57428.3124074 57428.3124074 5.8568e-10 6.59999832564e-12
57430.1754766 57430.1754766 2.4296001e-10 4.6600084902e-12
57430.312037 57430.312037 2.2027e-10 4.25999513443e-12
57432.3035736 57432.3035736 3.0648001e-10 3.81999987198e-12
57436.157287 57436.157287 3.3754999e-10 4.40000813562e-12
57438.2190626 57438.2190626 3.4552999e-10 5.6200044618e-12
57451.2667637 57451.2667637 2.8225999e-10 4.66002236799e-12
57453.0568865 57453.0568865 2.6194999e-10 3.80000197975e-12
57453.3118613 57453.3118613 2.5287e-10 4.02999855709e-12
57455.3071312 57455.3071312 2.4627e-10 4.35999847337e-12
57457.2981201 57457.2981201 2.2773e-10 4.99000840648e-12
57459.9032414 57459.9032414 1.9856999e-10 4.61999882795e-12
57460.9576992 57460.9576992 3.3650999e-10 6.81998901797e-12
57463.0800577 57463.0800577 2.6413e-10 3.95999899538e-12
57473.989137 57473.989137 2.9354999e-10 4.12997414045e-12
57476.2382013 57476.2382013 5.6885002e-10 4.96996888089e-12
57477.9742405 57477.9742405 6.2182998e-10 4.47997194897e-12
57478.1652871 57478.1652871 6.7008998e-10 4.60004256908e-12
57480.237123 57480.237123 6.4737998e-10 4.96996888089e-12
57482.0209146 57482.0209146 5.1132998e-10 4.79000172859e-12
57482.2861161 57482.2861161 4.9464e-10 4.13000189603e-12
57484.2141205 57484.2141205 4.7422e-10 5.04998820539e-12
57485.8934976 57485.8934976 5.1531002e-10 6.7900129963e-12
57487.8881439 57487.8881439 5.3228e-10 4.66998661963e-12
57489.8821345 57489.8821345 4.1477999e-10 4.31998881112e-12
57491.8753197 57491.8753197 4.2619e-10 4.58000304349e-12
57499.7772757 57499.7772757 3.4535e-10 9.34999300206e-12
57505.0275809 57505.0275809 6.1062e-10 5.21999110603e-12
57505.9617243 57505.9617243 5.4521998e-10 4.80998574304e-12
57506.9563636 57506.9563636 5.4758997e-10 5.29998267496e-12
57509.9439078 57509.9439078 6.7798001e-10 5.27999866051e-12
57511.9322008 57511.9322008 4.5505e-10 4.54999926625e-12
57513.9374627 57513.9374627 3.4870001e-10 4.75999795135e-12
57515.9185604 57515.9185604 4.3487999e-10 3.7700120803e-12
57517.9159906 57517.9159906 4.2952999e-10 3.65998897855e-12
57519.9152126 57519.9152126 4.8777998e-10 5.4699855756e-12
57520.9745649 57520.9745649 3.7480999e-10 4.75000594413e-12
57527.6142988 57527.6142988 4.166e-10 3.80001585754e-12
57534.5944003 57534.5944003 8.8419e-10 4.58000304349e-12
57538.2543659 57538.2543659 6.0909999e-10 6.05998584646e-12
57541.2410765 57541.2410765 6.3153999e-10 4.66998661963e-12
57542.9036066 57542.9036066 5.6761001e-10 1.03499986359e-11
57544.7789025 57544.7789025 4.4331e-10 4.82999751306e-12
57546.2946475 57546.2946475 7.2459999e-10 4.35002034394e-12
57548.4871506 57548.4871506 1.5629e-09 5.69999603073e-12
57549.6241015 57549.6241015 1.3653e-09 6.39999164775e-12
57550.4118908 57550.4118908 6.3645e-10 4.91001683756e-12
57550.8261969 57550.8261969 6.4545003e-10 4.76002570693e-12
57551.2820857 57551.2820857 6.5494998e-10 5.63998847625e-12
57551.8228403 57551.8228403 8.2384999e-10 5.84998716135e-12
57555.0095345 57555.0095345 6.5832001e-10 5.11996001151e-12
